0.143564201795474,-0.0238700943092296,-0.0246620587857044,-0.0277643645292093,-0.0176393870480007,-0.0225723080608107,-0.00486989728287105,-0.0246385254532144,-0.0289435118334702,-0.00374723170531387,-0.00534198971709024,-0.0283410028058442,-0.0344320361400597,-0.0303151589909037,0.0525149960987183,-0.0142578870360368,-0.0234296195443538,-0.0137909671663857,-0.0125877140377037,-0.0344320361400597,-0.0346371274150631,-0.024476633074823,0.139418195998712,-0.019107888928561,-0.0100887346814374,0.0886167080018127,0.0550559369862191,-0.0269787863194278,0.034222712524837,0.0167198539350753,-0.0172792133699552,-0.0300158932372212,-0.0260994799803969,-0.0323771237010971,0.0292470801079132,-0.00456357117550033,-0.029080594612866,-0.0231684061654086,-0.0346213695992889,0.096529770793291,-0.0108034696558836,0.0103075195411135,-0.0344320361400597,0.135629253871066,-0.0344320361400597,-0.0106423010571443,-0.0295549829818849,0.0468669605219217,-0.0106766072617995,-0.0299211440920129
-0.0238700943092296,0.0206248132783127,-0.00420643528532382,0.0054935044032966,0.00341064775104151,0.0114498796712544,0.00561446831874373,0.0131727935438216,0.0131125767091355,-0.0120179831499314,0.00443249712691609,-0.00775986379532124,0.0104213150806241,0.00663441988917916,-0.0177606452047661,0.00323448531430807,-0.00242038739402712,0.00339737492528756,-0.00218919692836581,0.0104213150806242,0.010706126799839,-0.00436389517998997,-0.0289128787369435,-0.00297128814236366,0.0100440267949415,-0.0167747092818938,-0.0073735775139167,-0.00421890946855186,-0.00387263472413915,0.00252949979740656,0.00320089963156485,0.00861580658517394,-0.0070498804546984,0.0114375352798774,-0.00582195970863638,0.00854680573736313,-0.00733170198313297,0.00280367772043013,0.00967452176250892,-0.0149709528989938,0.00304786214513463,-0.0127701324836423,0.0104213150806241,-0.0284990909552467,0.0104213150806242,-0.000152758431298131,0.00744637097900246,-0.00892460537010883,0.00634638443013973,0.00767134248334561
-0.0246620587857044,-0.00420643528532382,0.0345585141444828,0.00850420036425548,0.00893392646992071,-0.000414963873396022,-0.00940559113624144,-0.00476287669461599,-0.00191783769212674,0.0160979765142187,-0.0111947114923644,0.0167360817442141,-0.000121939974054814,0.00800863545366241,-0.0123119559350419,-0.0033664218728769,0.0216741982628707,-0.00302827524001798,0.0165106314552595,-0.000121939974054805,-0.00012182609529176,0.0347094237960267,-0.0226134108126107,0.0102485120069995,-0.00877011755002189,-0.0225424643398255,-0.0238815061560887,0.0255014068156692,-0.0200033735916301,-0.0177659862422079,0.00838255481596518,0.00779953626994364,0.0199079138680954,0.00234239139789313,-0.0135688897007514,-0.0113665054444144,0.0136635107253759,0.0140876332956564,-0.000370044743230592,-0.0279726019303922,-8.40273709279533e-05,0.00375552876182106,-0.000121939974054805,-0.0226962700816514,-0.000121939974054808,0.0102315577482002,0.00716108029161471,-0.00916037797293236,-0.00930441646707467,-0.00273450779916521
-0.0277643645292093,0.0054935044032966,0.00850420036425548,0.0275354658152538,0.00232371130637002,0.00999201076636978,-0.0012236544541683,-0.00264422595304007,0.00188468674277857,0.00516109439894134,-0.00933140176643689,0.010011249231655,0.00687849463874878,0.0238124912295159,-0.00713063435307713,-0.00417051044298116,0.00856001070239028,-0.00452254680536767,-0.00328311111241823,0.00687849463874877,0.00777498473840373,0.00795023785011097,-0.0237558972829261,0.00323266692734401,-0.0020888747340326,-0.0252046888111992,-0.014643174120765,0.0108751492193281,-0.00754073124359089,-0.00685538293331115,0.00297156648609138,0.0105756867318308,0.00753012476281338,0.0069250193201574,-0.0165939460845705,-0.00644289466136698,0.0109177083206392,0.011693807180109,0.00691956069309299,-0.0142936356740156,-0.00801270628112093,0.00022692920905145,0.00687849463874877,-0.0244844871870677,0.00687849463874878,-0.0060310210346807,0.0047132662229745,-0.00779768351934608,-0.00396338477048603,0.00477984657740937
-0.0176393870480007,0.00341064775104151,0.00893392646992071,0.00232371130637002,0.0177801707893213,0.00862964741574215,-0.00653055052928062,0.0055566043560337,0.00345521291324538,-0.00552415843799294,0.00191861578862948,-0.000775638372570018,-0.000663230126829585,0.00379228439169487,-0.01177121668697,0.007088537174255,0.0114594139027365,0.00704961037745029,0.0150570546253395,-0.000663230126829573,-0.000794032827963829,0.00894495567638723,-0.0298934554799879,0.00791379540722361,-0.00140291225291812,-0.00860955425266345,-0.00379036226386855,0.00902984894139216,-0.0110378956427815,-0.0102066256388404,0.014694914379882,0.00443496869085774,0.000511001803241415,0.00175634136115171,-0.0018150426824449,0.00226597287234666,-0.000345477446269329,0.00520106859172635,-0.000511717913839397,-0.0219973448973445,0.00673598072561536,-0.00653670152378371,-0.000663230126829586,-0.0307669113838487,-0.000663230126829579,0.0129258091052619,0.00481535136201804,-0.00688630418699405,0.00567152470382038,-0.00176876090702411
-0.0225723080608107,0.0114498796712544,-0.000414963873396022,0.00999201076636978,0.00862964741574215,0.017175325437801,-0.00331111491803102,0.00846292996425018,0.00529826105340816,-0.0075902365405531,0.00433520816838168,-0.00190443390209262,0.00291234781188454,0.0112720335281208,-0.0134948724908998,0.00791623799708897,0.00264116129301016,0.00788926123255237,0.00604860187427386,0.00291234781188453,0.0034240700711057,-0.000613846709391485,-0.0316798112854798,0.00453185164793211,0.00128945999637379,-0.0113881031506016,-0.00294784731756133,0.000194912057869019,-0.00868007539431752,-0.00684734981415378,0.00849027785387835,0.0059542698575384,-0.00198274965104961,0.003997872287409,-0.002642423637549,0.00620672274481551,-0.00143097777996771,0.00732266267747339,0.00300538225168365,-0.0187968718434789,0.0069348915391893,-0.0076873413995204,0.00291234781188455,-0.0320960949169221,0.00291234781188454,0.00601024482462777,0.0035003393413937,-0.00825308516775798,0.00870964529414017,0.00210195575831305
-0.00486989728287105,0.00561446831874373,-0.00940559113624144,-0.0012236544541683,-0.00653055052928062,-0.00331111491803102,0.0281462252759505,0.00241892448107591,0.00721837999739033,-0.0132897867253854,-0.00890144466703134,-0.00807392690663926,0.0103212743320437,-0.00111315229127682,-0.000948335901565394,-0.010855524378006,-0.00702128393531859,-0.011304784074709,-0.0167230994592826,0.0103212743320437,0.0100739837339011,-0.00972048889598356,0.000212538644084631,-0.0111119299599141,0.0178954797115879,-0.00936741792409434,-0.00242277067329306,-0.00759293065477777,0.0181052866312374,0.028175281006181,-0.00790639875064211,0.00336746801973239,-0.00897517217205111,0.00833715118927958,-0.00915947132047566,0.00545311730522506,-0.00690801254097189,-0.00775862740915627,0.00969242244417038,0.00955568714928561,-0.0154699263567337,-0.001438353852566,0.0103212743320437,0.00424297268753505,0.0103212743320437,-0.0165826234848875,0.00509269321614139,0.00596467973252757,-0.00264460817283902,0.00987902195596846
-0.0246385254532144,0.0131727935438216,-0.00476287669461599,-0.00264422595304007,0.0055566043560337,0.00846292996425018,0.00241892448107591,0.0199766415174165,0.0136778799922559,-0.0146890960502231,0.00867951225637687,-0.00748917780946432,0.00912380378695939,-3.20672116642758e-05,-0.0160977940414589,0.00983540275275521,-0.00242519084356997,0.00970612193252052,0.00307727062836533,0.00912380378695939,0.00899210455626535,-0.00486726385852046,-0.0317699786373198,-0.0025460163048431,0.00809923517136616,-0.0120182542326512,-0.00370229025088595,-0.00309543773164464,-0.0060820161024213,4.22205497996714e-05,0.00517603917688806,0.00510329311509399,-0.00782246544760819,0.00841873833563425,0.000432433059107312,0.012550572531403,-0.00702731185928523,0.000238525348630599,0.00885324462834585,-0.0207809754169557,0.00899931856192622,-0.0128473912465525,0.00912380378695938,-0.0328178733986203,0.00912380378695938,0.00538727021590992,0.00670967867148271,-0.0100738411022662,0.0127805738164873,0.00548752533577574
-0.0289435118334702,0.0131125767091355,-0.00191783769212674,0.00188468674277857,0.00345521291324538,0.00529826105340816,0.00721837999739033,0.0136778799922559,0.0181253989451537,-0.010073818662994,0.00139856159812733,-0.00313367022335998,0.0150322577789763,0.00454446544098643,-0.0167260104105798,-0.000230455955309402,0.000904097500129094,-0.000383318814274839,-0.00512742100788235,0.0150322577789763,0.0149498693360181,-0.0019658142036963,-0.0321786048208542,-0.00276886645803403,0.0116107007433735,-0.0216319561731764,-0.0114607620798164,0.00022314333539225,-0.00444449067107137,0.003023792873464,0.00291686043617579,0.00914688711503098,-0.00417111927458734,0.0137173113091071,-0.00907400192784511,0.00596808120726348,-0.00219109929073323,0.00345468568761182,0.0146139095594603,-0.0192725424492477,-0.00222529452126657,-0.00971118532748825,0.0150322577789763,-0.032438808191321,0.0150322577789763,-0.00456541895769094,0.0117177983381069,-0.0113246768090133,0.00361093248123702,0.0113581613250824
-0.00374723170531387,-0.0120179831499314,0.0160979765142187,0.00516109439894134,-0.00552415843799294,-0.0075902365405531,-0.0132897867253854,-0.014689096050223,-0.010073818662994,0.0718870375345975,-0.00955585851765854,0.0363508132037909,-0.00456145138805232,0.00292317580263792,0.0151896475272828,-0.00927726284520687,0.0059882145627681,-0.00847287196398102,-0.00118401490790503,-0.00456145138805233,-0.0047636797383131,0.0164011748440391,0.0113307923853842,0.0198000744755419,-0.0148983396668102,-0.0221991683428442,-0.0210024686309158,0.0105400502255315,-0.0112827617722553,-0.0188642463440739,-0.00517365935153962,-0.00186584755942115,0.0364359408788816,-0.00377460922403045,-0.0174363822544513,-0.0194775082022164,0.0320168925560424,0.00805715951933185,-0.00418650360122119,-0.00555549940779624,-0.00362948915434189,0.0203999847829029,-0.00456145138805231,-0.00456236297826083,-0.0045614513880523,-0.00348119572640291,-0.00381432123824461,-0.0120841458049857,-0.0167088984857346,-5.08166686786218e-05
-0.00534198971709024,0.00443249712691609,-0.0111947114923644,-0.00933140176643689,0.00191861578862948,0.00433520816838168,-0.00890144466703135,0.00867951225637687,0.00139856159812733,-0.00955585851765854,0.0583539274504019,-0.0117583473870764,-0.00281854023049109,-0.00705561487088325,-0.0225102680498084,0.029169431058559,-0.00904455524584068,0.0298588206172832,0.0107795526386063,-0.00281854023049109,-0.00290135013045858,-0.0111688208206529,-0.0108189919580388,-0.00399002990787912,-0.00229185340098202,0.0085950125651883,0.00678868456447411,-0.0113687745412865,-0.0141924182254241,-0.0123887943648691,0.00142162146834223,-0.00571091801462731,-0.0125069525026183,-0.00426677795050685,0.0269330254254909,0.0102521356729287,-0.00903405267752596,-0.00503460415844343,6.45024101327272e-05,-0.0135715317380723,0.0367634272309509,-0.0173485614026905,-0.00281854023049109,-0.010241559122052,-0.00281854023049108,0.0225557457504172,-0.00538098384784954,-0.0164323470963962,0.0173316907333745,-0.00491429802805358
-0.0283410028058442,-0.00775986379532124,0.0167360817442141,0.010011249231655,-0.000775638372570017,-0.00190443390209262,-0.00807392690663926,-0.00748917780946432,-0.00313367022335998,0.0363508132037909,-0.0117583473870764,0.038351976454168,0.00119179036091807,0.00917771739438047,0.00445547838349708,-0.00706371265135361,0.0107034269256705,-0.00680829728617191,0.000734200246438419,0.00119179036091805,0.00123699129838892,0.0168728464700348,-0.0219674807462438,0.0203690074056956,-0.00859925663923039,-0.0253361171129927,-0.0214144060879148,0.0145032376105784,-0.0118274987052509,-0.0149759269730888,-0.000571041845350024,0.003312757086398,0.0356202157871914,0.000658561131957832,-0.0147925612064989,-0.0130768806514581,0.0348753324632817,0.0114071890029008,0.00130867797546306,-0.0251438447934341,-0.00634578153157091,0.0182999367138712,0.00119179036091807,-0.0263717151620177,0.00119179036091807,-0.00353807447561095,0.00220732726776973,-0.00938242268564551,-0.011545505246654,0.00613639976183679
-0.0344320361400597,0.0104213150806241,-0.000121939974054814,0.00687849463874878,-0.000663230126829584,0.00291234781188454,0.0103212743320437,0.00912380378695939,0.0150322577789763,-0.00456145138805232,-0.00281854023049109,0.00119179036091806,0.0216611827753213,0.00912106605165542,-0.0159248054713276,-0.00645674444233669,0.00170716604548334,-0.00694133238081271,-0.0106553695710925,0.0215611827753213,0.0214177990467202,-0.000220182563256019,-0.0311451637483617,-0.00497314331685583,0.00926785956372381,-0.0291437473928351,-0.0168170050539798,0.00357252762172574,-0.00261024571003664,0.00584918101048979,-0.00151459862727435,0.0136308714457049,-0.00137538754407718,0.0184684328910431,-0.0181389032974122,0.00118250404916726,0.00279738333012189,0.000397009945432025,0.021121675390171,-0.0177685542114098,-0.0100255109977473,-0.00869192799634846,0.0215611827753213,-0.0320612637037286,0.0215611827753213,-0.0116614127338837,0.0152951841091225,-0.0128765934909918,-0.0013423792055457,0.0169867939268004
-0.0303151589909037,0.00663441988917916,0.00800863545366241,0.0238124912295159,0.00379228439169487,0.0112720335281208,-0.00111315229127682,-3.20672116642759e-05,0.00454446544098643,0.00292317580263792,-0.00705561487088325,0.00917771739438047,0.00912106605165542,0.0252322830758224,-0.0113038516019533,-0.00441114522022485,0.00917301246521463,-0.00476451017276522,-0.00388043135327832,0.00912106605165541,0.00980012532991192,0.00769923566617028,-0.0295286133338296,0.00266747463026796,-0.0005438259713967,-0.0259783533795298,-0.0152850709680271,0.0100911369073407,-0.00883114966159586,-0.00677006299649212,0.00442251614460182,0.012262476739546,0.00672577589769775,0.0085390501358167,-0.0179946904887468,-0.00501147367989178,0.0102910787470839,0.0106875658449523,0.00929891265653289,-0.0171975863200603,-0.00786815477415363,-0.00287613822900826,0.0091210660516554,-0.0289647599313457,0.0091210660516554,-0.00547403694370068,0.00724705665287359,-0.00964245452677597,-0.00293167912426126,0.00708679381113277
0.0525149960987183,-0.0177606452047661,-0.0123119559350419,-0.00713063435307713,-0.01177121668697,-0.0134948724908998,-0.000948335901565394,-0.0160977940414589,-0.0167260104105797,0.0151896475272828,-0.0225102680498084,0.00445547838349708,-0.0159248054713276,-0.0113038516019533,0.063135495900994,-0.0198613202683242,-0.00959661531882577,-0.0202071786850707,-0.01669423859214,-0.0159248054713276,-0.0160481256353986,-0.0125533706204139,0.0608929700424997,-0.00084455666076414,-0.00786305294582685,0.0258973822531911,0.0179207952688468,-0.007975125227838,0.0307183273132949,0.0121700956949552,-0.011755797367463,-0.0144582671478571,0.00476045824830492,-0.0143823762482986,-0.0023068286910638,-0.00865547764852866,0.00482507508571185,-0.0127144486367689,-0.0153398889788418,0.0499013397508458,-0.0257515403045435,0.0291219706497403,-0.0159248054713276,0.0613347208965612,-0.0159248054713276,-0.0202411475494783,-0.0147117715093197,0.0345616868205435,-0.0137299335405607,-0.00785457179623058
-0.0142578870360368,0.00323448531430807,-0.0033664218728769,-0.00417051044298116,0.007088537174255,0.00791623799708897,-0.010855524378006,0.00983540275275521,-0.000230455955309403,-0.00927726284520687,0.029169431058559,-0.00706371265135361,-0.00645674444233669,-0.00441114522022485,-0.0198613202683242,0.03710248024396,-0.00280117278102024,0.0372382182580902,0.0218482169763379,-0.00645674444233669,-0.00652839744245723,-0.0033758261171638,-0.0246177964159758,0.00226948447664529,-0.003932076393863,0.00765304362402822,0.00706928551434602,-0.00516468612566262,-0.0201028648091881,-0.015826669761159,0.0088415759202221,-0.00871416355606516,-0.00789606086272196,-0.00804285063591919,0.0242607023091001,0.0102964923847018,-0.00688921363550434,0.00385467713719735,-0.00611349302278577,-0.0238018026874437,0.0397210392470355,-0.0103265112807702,-0.00645674444233669,-0.0222262140846399,-0.0064567444423367,0.029246956395033,-0.00842241110180163,-0.0156202884399046,0.022206757016733,-0.00902930620668413
-0.0234296195443538,-0.00242038739402712,0.0216741982628707,0.00856001070239028,0.0114594139027365,0.00264116129301016,-0.00702128393531859,-0.00242519084356997,0.000904097500129094,0.0059882145627681,-0.00904455524584068,0.0107034269256705,0.00170716604548335,0.00917301246521463,-0.00959661531882577,-0.00280117278102024,0.024121123248426,-0.00304520273058515,0.011049686923184,0.00170716604548335,0.00160154965245089,0.0220456983961585,-0.0284265532729184,0.00954848852806089,-0.00501619524520857,-0.0191772896945741,-0.0155651494718818,0.0237326498876157,-0.0154033357169324,-0.0136837884081861,0.0122564057004151,0.00931340610950537,0.0121126994777168,0.00309685848762281,-0.012491422187285,-0.00688388709312773,0.0113122110408485,0.010063541775254,0.00186038354800035,-0.0235987234657503,-0.00473330501852057,-0.000715439596334538,0.00170716604548336,-0.0284776924735767,0.00170716604548336,0.00594408139908136,0.00859071991285342,-0.00643461221631496,-0.00445290146172658,0.000362619231961982
-0.0137909671663857,0.00339737492528756,-0.00302827524001798,-0.00452254680536767,0.00704961037745029,0.00788926123255237,-0.011304784074709,0.00970612193252052,-0.00038331881427484,-0.00847287196398101,0.0298588206172832,-0.00680829728617191,-0.0069413323808127,-0.00476451017276522,-0.0202071786850707,0.0372382182580902,-0.00304520273058515,0.0378608952604076,0.02264882127517,-0.0069413323808127,-0.00699685807967746,-0.00305745193592251,-0.0243871133674341,0.00247190607068851,-0.00408445542577038,0.00832393145401488,0.00651057663638137,-0.00546020208122559,-0.0206069670954852,-0.0165617789257174,0.0085640949037152,-0.00921385495509831,-0.00757784285707581,-0.00841688486394113,0.0252925884323753,0.0102769655317699,-0.00689013844045272,0.00444340984800273,-0.00676436233274958,-0.0242999018436975,0.0412654961576032,-0.0103303723557284,-0.0069413323808127,-0.0215063488449702,-0.00694133238081271,0.0301278863902617,-0.00881580476856415,-0.016079096183185,0.0219377899737138,-0.00962105245801293
-0.0125877140377037,-0.00218919692836581,0.0165106314552595,-0.00328311111241823,0.0150570546253395,0.00604860187427386,-0.0167230994592826,0.00307727062836533,-0.00512742100788235,-0.00118401490790503,0.0107795526386063,0.000734200246438419,-0.0106553695710925,-0.00388043135327832,-0.01669423859214,0.0218482169763379,0.011049686923184,0.02264882127517,0.0414682584741292,-0.0106553695710925,-0.0108936414252255,0.0169329111270846,-0.0260743488642718,0.0108010686971847,-0.00966307762587246,0.00267790904311748,-0.00289464373354885,0.00876465400015651,-0.0207105833555272,-0.022184413441876,0.0158215372230218,-0.00455759548121671,0.00285197915453422,-0.00904342635316677,0.0139344001355354,0.00223471286708552,-0.00129223224270328,0.008707394142642,-0.0103757231167135,-0.0267915582351243,0.0289128141941879,-0.00419722243524387,-0.0106553695710925,-0.0254545079186911,-0.0106553695710925,0.0357668141300152,-0.00491369914108751,-0.00948190812763553,0.00954135812536218,-0.0132505607757816
-0.0344320361400597,0.0104213150806242,-0.000121939974054805,0.00687849463874877,-0.000663230126829572,0.00291234781188453,0.0103212743320437,0.00912380378695939,0.0150322577789763,-0.00456145138805233,-0.00281854023049109,0.00119179036091805,0.0215611827753213,0.00912106605165541,-0.0159248054713276,-0.00645674444233669,0.00170716604548335,-0.0069413323808127,-0.0106553695710925,0.0216611827753213,0.0214177990467202,-0.000220182563256007,-0.0311451637483617,-0.00497314331685581,0.00926785956372379,-0.0291437473928351,-0.0168170050539798,0.00357252762172573,-0.00261024571003665,0.0058491810104898,-0.00151459862727435,0.0136308714457049,-0.00137538754407718,0.0184684328910431,-0.0181389032974122,0.00118250404916728,0.0027973833301219,0.000397009945432012,0.021121675390171,-0.0177685542114098,-0.0100255109977472,-0.00869192799634845,0.0215611827753213,-0.0320612637037286,0.0215611827753213,-0.0116614127338838,0.0152951841091225,-0.0128765934909918,-0.0013423792055457,0.0169867939268003
-0.0346371274150631,0.010706126799839,-0.000121826095291758,0.00777498473840373,-0.000794032827963829,0.0034240700711057,0.0100739837339011,0.00899210455626535,0.0149498693360181,-0.00476367973831311,-0.00290135013045858,0.00123699129838891,0.0214177990467202,0.00980012532991192,-0.0160481256353986,-0.00652839744245723,0.00160154965245089,-0.00699685807967745,-0.0108936414252255,0.0214177990467202,0.0215935904123061,-0.000222436361283541,-0.0311215149934385,-0.00522462141066633,0.00926276319538623,-0.029365370636189,-0.0167649397624247,0.00351562597354161,-0.00270142445734777,0.00569688536302801,-0.00139015949624454,0.0137778838925884,-0.00131487839877381,0.0184722578500144,-0.0182572378730113,0.00109314112254862,0.00272600664341795,0.00161596019405037,0.0210035095203081,-0.0178041421771426,-0.0100981479899811,-0.00866657804780424,0.0214177990467202,-0.0321490624716896,0.0214177990467202,-0.0118489947469685,0.0152047904729863,-0.0129023245893859,-0.00124245962371253,0.0166659154825715
-0.024476633074823,-0.00436389517998998,0.0347094237960267,0.00795023785011097,0.00894495567638723,-0.000613846709391486,-0.00972048889598356,-0.00486726385852046,-0.0019658142036963,0.0164011748440391,-0.0111688208206529,0.0168728464700348,-0.000220182563256019,0.00769923566617027,-0.0125533706204139,-0.00337582611716381,0.0220456983961585,-0.00305745193592251,0.0169329111270846,-0.000220182563256007,-0.000222436361283543,0.0351991742054268,-0.0225059145300768,0.0102531186148369,-0.00879660383835162,-0.0223194299683391,-0.0239480012857006,0.0254830794560374,-0.0201901432855579,-0.0180691560914941,0.00848938514131474,0.00775067873369971,0.0198471338926254,0.00208254411800416,-0.0133128423414564,-0.011440832444983,0.0137775131966721,0.0142581539302435,-0.000407776408721137,-0.0280112145766375,0.000185160672727987,0.00373986700367601,-0.000220182563256006,-0.022631966553656,-0.000220182563256009,0.0103034876698395,0.00730981839744391,-0.00916591765194231,-0.00931071033849917,-0.0027585115122794
0.139418195998712,-0.0289128787369435,-0.0226134108126107,-0.0237558972829261,-0.0298934554799879,-0.0316798112854798,0.000212538644084633,-0.0317699786373198,-0.0321786048208542,0.0113307923853842,-0.0108189919580388,-0.0219674807462438,-0.0311451637483617,-0.0295286133338296,0.0608929700424997,-0.0246177964159758,-0.0284265532729184,-0.0243871133674341,-0.0260743488642718,-0.0311451637483617,-0.0311215149934385,-0.0225059145300768,0.182030691038397,-0.0289167591589218,-0.0129871069104336,0.0784969099294262,0.0427690156991785,-0.0264707574618043,0.0433583925344094,0.0274624491294331,-0.029966951786164,-0.0321349238558911,-0.0201026315986069,-0.0306253033099654,0.0177042629680213,-0.0145303144503732,-0.0251021380081324,-0.0266938629802111,-0.0315323401707623,0.122338152200802,-0.0193059006729973,0.0104153315689615,-0.0311451637483617,0.168648626703704,-0.0311451637483617,-0.0234552661755929,-0.0315946558045612,0.0429137402497867,-0.0208069842051,-0.0288331530114855
-0.019107888928561,-0.00297128814236366,0.0102485120069995,0.00323266692734401,0.00791379540722361,0.00453185164793211,-0.0111119299599141,-0.0025460163048431,-0.00276886645803403,0.019800074475542,-0.00399002990787913,0.0203690074056956,-0.00497314331685582,0.00266747463026796,-0.000844556660764141,0.00226948447664529,0.00954848852806089,0.00247190607068851,0.0108010686971847,-0.00497314331685581,-0.00522462141066633,0.0102531186148369,-0.0289167591589218,0.028867942116959,-0.00664387163457077,-0.0102960203473609,-0.00813000243582616,0.00760818469253175,-0.010603680912088,-0.0144872532774947,0.00868620845592525,0.000607266320858535,0.0213336342057417,-0.00230726436895789,-0.00257819625947618,-0.00469264394614798,0.0189266375855917,0.0110161251990194,-0.00484555257499036,-0.0230693720659459,0.00327190164170207,0.0111845073551971,-0.00497314331685582,-0.0306397256102092,-0.00497314331685584,0.00801162724965541,-0.000525102563717053,-0.00549414282471798,-0.002537141909005,0.000703017218275494
-0.0100887346814374,0.0100440267949415,-0.00877011755002189,-0.0020888747340326,-0.00140291225291812,0.00128945999637379,0.0178954797115879,0.00809923517136616,0.0116107007433735,-0.0148983396668102,-0.00229185340098202,-0.00859925663923039,0.0092678595637238,-0.000543825971396699,-0.00786305294582685,-0.003932076393863,-0.00501619524520857,-0.00408445542577038,-0.00966307762587246,0.00926785956372379,0.00926276319538623,-0.00879660383835161,-0.0129871069104336,-0.00664387163457077,0.0176795291747033,-0.00806672212678331,-0.00116554720729413,-0.00712750666564551,0.00853532510556182,0.0157933536927982,-0.00208459738676509,0.0034044904307962,-0.00920033365053046,0.00795483108216119,-0.00382126214138367,0.00805225848694065,-0.0074533598613151,-0.00190537704651957,0.0088957678611026,-0.00191417456096093,-0.00677764664228305,-0.00517625942879387,0.0092678595637238,-0.0102380666639578,0.00926785956372381,-0.00898686469256691,0.0057850667005338,0.000233687287604502,0.00191933923633473,0.00816132006506455
0.0886167080018127,-0.0167747092818938,-0.0225424643398255,-0.0252046888111992,-0.00860955425266345,-0.0113881031506016,-0.00936741792409434,-0.0120182542326512,-0.0216319561731764,-0.0221991683428442,0.0085950125651883,-0.0253361171129927,-0.0291437473928351,-0.0259783533795298,0.0258973822531911,0.00765304362402822,-0.0191772896945741,0.00832393145401487,0.00267790904311747,-0.0291437473928351,-0.029365370636189,-0.0223194299683391,0.0784969099294262,-0.0102960203473609,-0.00806672212678331,0.0914601597888977,0.0541597419619758,-0.0230214903441222,0.0163399760194231,0.0037459284653803,-0.00773299454052821,-0.0259469719155362,-0.024324715449748,-0.0289549530311552,0.048136342648064,0.00619706220588198,-0.025536002931517,-0.0167793451233339,-0.0294791183038304,0.0525500148550529,0.013856992662086,0.00335099908635842,-0.0291437473928351,0.0847236593194683,-0.0291437473928351,0.00811310062888633,-0.0253600696425978,0.0287250896482523,0.00608285245767308,-0.0236165459897512
0.0550559369862191,-0.0073735775139167,-0.0238815061560887,-0.014643174120765,-0.00379036226386855,-0.00294784731756133,-0.00242277067329306,-0.00370229025088595,-0.0114607620798164,-0.0210024686309158,0.00678868456447411,-0.0214144060879148,-0.0168170050539798,-0.0152850709680271,0.0179207952688468,0.00706928551434602,-0.0155651494718818,0.00651057663638137,-0.00289464373354886,-0.0168170050539798,-0.0167649397624247,-0.0239480012857006,0.0427690156991785,-0.00813000243582616,-0.00116554720729413,0.0541597419619758,0.0515950895316059,-0.0187562901984579,0.0139861459783948,0.0078827532159345,-0.00367227547565327,-0.0154412142099842,-0.0222764223400274,-0.0165589537119774,0.031520740499417,0.0096992027585266,-0.0192893900333074,-0.0145778268599476,-0.016977217786476,0.0389787766828243,0.00409337972996453,-0.00177095642836914,-0.0168170050539798,0.0431190845410488,-0.0168170050539798,0.000667238965022122,-0.0157297124222382,0.0193144199628572,0.0102671272012021,-0.012587196056132
-0.0269787863194278,-0.00421890946855186,0.0255014068156692,0.0108751492193281,0.00902984894139216,0.000194912057869019,-0.00759293065477777,-0.00309543773164464,0.000223143335392251,0.0105400502255315,-0.0113687745412865,0.0145032376105784,0.00357252762172574,0.0100911369073407,-0.007975125227838,-0.00516468612566262,0.0237326498876157,-0.00546020208122559,0.00876465400015651,0.00357252762172573,0.00351562597354162,0.0254830794560374,-0.0264707574618043,0.00760818469253175,-0.00712750666564551,-0.0230214903441222,-0.0187562901984579,0.0299091079759862,-0.0160018548963385,-0.014508445301588,0.00950903160528201,0.0114014520827382,0.0164248254744667,0.0050378273203707,-0.0181518256718793,-0.00959770257200236,0.0146183245825748,0.00887468093248809,0.00377368370349443,-0.0232797424158436,-0.00749786442734963,-0.000444591483394228,0.00357252762172573,-0.0280865359484983,0.00357252762172573,0.0039770428733407,0.0101264572852001,-0.00711525685572765,-0.00734579520462709,0.00135488815186406
0.034222712524837,-0.00387263472413914,-0.0200033735916301,-0.00754073124359089,-0.0110378956427815,-0.00868007539431752,0.0181052866312374,-0.0060820161024213,-0.00444449067107137,-0.0112827617722553,-0.0141924182254241,-0.0118274987052509,-0.00261024571003664,-0.00883114966159586,0.0307183273132949,-0.0201028648091881,-0.0154033357169324,-0.0206069670954852,-0.0207105833555272,-0.00261024571003664,-0.00270142445734777,-0.0201901432855579,0.0433583925344094,-0.010603680912088,0.00853532510556182,0.0163399760194231,0.0139861459783948,-0.0160018548963385,0.042860227552471,0.0345386093406626,-0.0122071041261284,-0.00508947351827194,-0.0110052283514543,-0.00254538336525753,-0.00831801221446299,0.00112060399614114,-0.0100671976346877,-0.0168424756378007,-0.00237247425267176,0.0470644397453768,-0.0245444115960178,0.00643290390250356,-0.00261024571003666,0.0471362638753441,-0.00261024571003665,-0.0231780502866987,-0.00458372969658746,0.027198373815766,-0.00845241771029663,0.00224525315800185
0.0167198539350753,0.00252949979740656,-0.0177659862422079,-0.00685538293331115,-0.0102066256388404,-0.00684734981415378,0.028175281006181,4.22205497996715e-05,0.003023792873464,-0.0188642463440739,-0.0123887943648691,-0.0149759269730888,0.00584918101048978,-0.00677006299649212,0.0121700956949551,-0.015826669761159,-0.0136837884081861,-0.0165617789257174,-0.022184413441876,0.0058491810104898,0.00569688536302801,-0.0180691560914941,0.0274624491294331,-0.0144872532774947,0.0157933536927982,0.0037459284653803,0.0078827532159345,-0.014508445301588,0.0345386093406625,0.0427254267049547,-0.011508710740198,-0.00171168052157008,-0.0154723409779966,0.00437944098150273,-0.0103074026326571,0.00576342344215465,-0.0131235820939133,-0.0139605156640009,0.00538281442601628,0.0343621708209847,-0.0216798928194797,-0.00307622008835483,0.00584918101048979,0.0303688124171771,0.00584918101048979,-0.0223606467373235,0.000261474474652739,0.0162978900925805,-0.00519928233177484,0.00777725465572014
-0.0172792133699552,0.00320089963156485,0.00838255481596518,0.00297156648609138,0.014694914379882,0.00849027785387835,-0.00790639875064211,0.00517603917688806,0.00291686043617578,-0.00517365935153962,0.00142162146834223,-0.000571041845350025,-0.00151459862727435,0.00442251614460182,-0.011755797367463,0.0088415759202221,0.0122564057004151,0.0085640949037152,0.0158215372230218,-0.00151459862727435,-0.00139015949624454,0.00848938514131474,-0.029966951786164,0.00868620845592525,-0.00208459738676509,-0.00773299454052821,-0.00367227547565327,0.00950903160528201,-0.0122071041261284,-0.011508710740198,0.0167615849821616,0.00529738893346883,0.00104752017411532,0.000858067281167604,-0.00206918497040182,0.00242878559360797,0.000223317277151283,0.00789623180181609,-0.00140645204634336,-0.0219248908418413,0.00594911495616783,-0.0065043927592468,-0.00151459862727436,-0.0310079318274284,-0.00151459862727436,0.0140878186511008,0.00424035033344447,-0.00617005202667245,0.00658010164337431,-0.00272556775319929
-0.0300158932372212,0.00861580658517393,0.00779953626994363,0.0105756867318308,0.00443496869085774,0.0059542698575384,0.00336746801973239,0.00510329311509399,0.00914688711503098,-0.00186584755942115,-0.00571091801462731,0.003312757086398,0.0136308714457049,0.012262476739546,-0.0144582671478571,-0.00871416355606516,0.00931340610950537,-0.00921385495509831,-0.00455759548121671,0.0136308714457049,0.0137778838925884,0.00775067873369971,-0.0321349238558911,0.000607266320858535,0.0034044904307962,-0.0259469719155362,-0.0154412142099842,0.0114014520827382,-0.00508947351827194,-0.00171168052157008,0.00529738893346883,0.0210761963482837,0.00443333303480786,0.015886086042239,-0.0202107838800244,-0.00149994439208859,0.00441176138755002,0.00197973794978175,0.0136781795548361,-0.0208233477163654,-0.0119704218417337,-0.00734050907856944,0.0136308714457049,-0.0331960763238451,0.0136308714457049,-0.00785148655208017,0.0173614585665144,-0.00770100659414587,-0.00289562452975386,0.0129740494997335
-0.0260994799803969,-0.0070498804546984,0.0199079138680954,0.00753012476281338,0.000511001803241414,-0.00198274965104961,-0.00897517217205111,-0.00782246544760819,-0.00417111927458734,0.0364359408788816,-0.0125069525026183,0.0356202157871914,-0.00137538754407718,0.00672577589769775,0.00476045824830492,-0.00789606086272196,0.0121126994777168,-0.00757784285707581,0.00285197915453422,-0.00137538754407718,-0.00131487839877381,0.0198471338926254,-0.0201026315986069,0.0213336342057417,-0.00920033365053047,-0.024324715449748,-0.0222764223400274,0.0164248254744667,-0.0110052283514543,-0.0154723409779966,0.00104752017411532,0.00443333303480786,0.0385073554535879,0.000643348963006996,-0.0146440645210716,-0.0132930917845744,0.0317213861684864,0.010664759388476,-0.00120036698202444,-0.0245195425417319,-0.00726259159207713,0.0184902847467606,-0.00137538754407719,-0.0234951404691257,-0.0013753875440772,-0.000444323701284535,0.00299478999477567,-0.00732538356774923,-0.0118699251070843,0.00486977303764949
-0.0323771237010971,0.0114375352798774,0.00234239139789313,0.0069250193201574,0.00175634136115171,0.003997872287409,0.00833715118927958,0.00841873833563425,0.0137173113091071,-0.00377460922403045,-0.00426677795050685,0.000658561131957833,0.0184684328910431,0.0085390501358167,-0.0143823762482986,-0.00804285063591919,0.00309685848762281,-0.00841688486394113,-0.00904342635316677,0.0184684328910431,0.0184722578500144,0.00208254411800417,-0.0306253033099654,-0.00230726436895789,0.00795483108216119,-0.0289549530311552,-0.0165589537119774,0.0050378273203707,-0.00254538336525753,0.00437944098150273,0.000858067281167604,0.015886086042239,0.000643348963006994,0.0200646879112298,-0.0188310439664247,0.000846259890358027,0.00170853957489852,0.000891612678348702,0.017916026867211,-0.0174684636743518,-0.0109974969309717,-0.00819573234370935,0.0184684328910431,-0.0310785951218143,0.0184684328910431,-0.0104926108480475,0.0160824622072714,-0.0109223919377146,-0.00209561488713984,0.0155533019065839
0.0292470801079132,-0.00582195970863638,-0.0135688897007514,-0.0165939460845705,-0.0018150426824449,-0.002642423637549,-0.00915947132047566,0.000432433059107312,-0.00907400192784511,-0.0174363822544513,0.0269330254254909,-0.0147925612064989,-0.0181389032974122,-0.0179946904887468,-0.0023068286910638,0.0242607023091001,-0.012491422187285,0.0252925884323753,0.0139344001355354,-0.0181389032974122,-0.0182572378730113,-0.0133128423414564,0.0177042629680213,-0.00257819625947618,-0.00382126214138367,0.048136342648064,0.031520740499417,-0.0181518256718793,-0.00831801221446299,-0.0103074026326571,-0.00206918497040182,-0.0202107838800244,-0.0146440645210716,-0.0188310439664247,0.0663818065882685,0.0133056894680882,-0.0157194291046333,-0.00624622210468173,-0.0183572650230527,0.00249508411515603,0.0330508406618082,0.00266037564895816,-0.0181389032974121,0.0238470860478862,-0.0181389032974122,0.0217854767787,-0.017135664913899,0.00130198244624615,0.0182695905371414,-0.0162458371787936
-0.00456357117550033,0.00854680573736313,-0.0113665054444144,-0.00644289466136698,0.00226597287234666,0.00620672274481551,0.00545311730522506,0.012550572531403,0.00596808120726348,-0.0194775082022164,0.0102521356729287,-0.0130768806514581,0.00118250404916726,-0.00501147367989178,-0.00865547764852866,0.0102964923847018,-0.00688388709312773,0.0102769655317699,0.00223471286708552,0.00118250404916728,0.00109314112254862,-0.011440832444983,-0.0145303144503732,-0.00469264394614798,0.00805225848694065,0.00619706220588198,0.0096992027585266,-0.00959770257200235,0.00112060399614114,0.00576342344215465,0.00242878559360797,-0.00149994439208859,-0.0132930917845744,0.000846259890358028,0.0133056894680882,0.0175144356321672,-0.0121743024215296,-0.00476912314239684,0.00110727723954521,-0.00654240688315946,0.00959193767025895,-0.008510072622234,0.00118250404916728,-0.0118781476822766,0.00118250404916728,0.00477086910756768,-0.000701581712344413,-0.000687384756709885,0.0153808017659083,0.000242403936057678
-0.029080594612866,-0.00733170198313297,0.0136635107253759,0.0109177083206392,-0.000345477446269329,-0.00143097777996771,-0.00690801254097189,-0.00702731185928523,-0.00219109929073324,0.0320168925560424,-0.00903405267752596,0.0348753324632817,0.00279738333012189,0.0102910787470839,0.00482507508571185,-0.00688921363550434,0.0113122110408485,-0.00689013844045272,-0.00129223224270328,0.0027973833301219,0.00272600664341795,0.0137775131966721,-0.0251021380081324,0.0189266375855917,-0.0074533598613151,-0.025536002931517,-0.0192893900333074,0.0146183245825748,-0.0100671976346877,-0.0131235820939133,0.000223317277151283,0.00441176138755002,0.0317213861684864,0.00170853957489852,-0.0157194291046333,-0.0121743024215296,0.0353692206390165,0.00914092361036773,0.00292851822639203,-0.0224914895869926,-0.00872277036360393,0.0159257115847252,0.00279738333012188,-0.0289897314741111,0.00279738333012188,-0.00540020223558725,0.00316949675525475,-0.008283905487199,-0.0103754876647234,0.00751110191909578
-0.0231684061654086,0.00280367772043013,0.0140876332956564,0.011693807180109,0.00520106859172635,0.00732266267747339,-0.00775862740915627,0.000238525348630598,0.00345468568761182,0.00805715951933185,-0.00503460415844343,0.0114071890029008,0.000397009945432025,0.0106875658449523,-0.0127144486367689,0.00385467713719735,0.010063541775254,0.00444340984800273,0.008707394142642,0.000397009945432011,0.00161596019405037,0.0142581539302435,-0.0266938629802111,0.0110161251990194,-0.00190537704651957,-0.0167793451233339,-0.0145778268599476,0.00887468093248809,-0.0168424756378007,-0.0139605156640009,0.00789623180181609,0.00197973794978174,0.010664759388476,0.000891612678348702,-0.00624622210468173,-0.00476912314239684,0.00914092361036773,0.0296675173744988,0.000377828390868795,-0.0240787483871013,0.00640175434078466,0.00254096535124998,0.000397009945432002,-0.0238968395177995,0.000397009945432004,0.00583205434971582,0.000730253235171344,-0.0116699428910021,-0.00274135630121557,-0.00256187425473983
-0.0346213695992889,0.00967452176250892,-0.00037004474323059,0.00691956069309299,-0.000511717913839399,0.00300538225168365,0.00969242244417038,0.00885324462834585,0.0146139095594603,-0.00418650360122119,6.4502410132727e-05,0.00130867797546306,0.021121675390171,0.00929891265653289,-0.0153398889788418,-0.00611349302278577,0.00186038354800035,-0.00676436233274958,-0.0103757231167135,0.021121675390171,0.0210035095203081,-0.000407776408721137,-0.0315323401707623,-0.00484555257499036,0.0088957678611026,-0.0294791183038304,-0.016977217786476,0.00377368370349443,-0.00237247425267176,0.00538281442601628,-0.00140645204634336,0.0136781795548361,-0.00120036698202444,0.017916026867211,-0.0183572650230527,0.00110727723954521,0.00292851822639203,0.000377828390868794,0.0222268303091329,-0.0178453735121083,-0.00937977389708596,-0.00856703718815262,0.021121675390171,-0.0318039482410401,0.021121675390171,-0.0118606336735205,0.0152995276013623,-0.0128957383156345,-0.00168481911630739,0.0166308076110477
0.096529770793291,-0.0149709528989938,-0.0279726019303922,-0.0142936356740156,-0.0219973448973445,-0.0187968718434789,0.00955568714928561,-0.0207809754169557,-0.0192725424492477,-0.00555549940779624,-0.0135715317380723,-0.0251438447934341,-0.0177685542114098,-0.0171975863200603,0.0499013397508458,-0.0238018026874437,-0.0235987234657503,-0.0242999018436975,-0.0267915582351243,-0.0177685542114098,-0.0178041421771426,-0.0280112145766375,0.122338152200802,-0.0230693720659459,-0.00191417456096093,0.0525500148550529,0.0389787766828243,-0.0232797424158436,0.0470644397453768,0.0343621708209847,-0.0219248908418413,-0.0208233477163654,-0.0245195425417319,-0.0174684636743518,0.00249508411515603,-0.00654240688315946,-0.0224914895869926,-0.0240787483871013,-0.0178453735121083,0.112647390511859,-0.0267850943613077,0.000928569856362327,-0.0177685542114098,0.117203192678833,-0.0177685542114098,-0.027331270811608,-0.0209891413917032,0.0411538690440284,-0.0157097324907304,-0.0159007197617224
