0.26990282110583,-0.0220651912504358,-0.0187734410126903,-0.00610478433878706,-0.0556870738448739,-0.0119120059818555,-0.0131287375705307,0.0466572699746183,-0.0283007329132339,-0.0218726479992368,0.00875984728783425,0.0808072283644106,0.000751761752318486,-0.0255130469631818,-0.0191551087447036,0.000888004912049613,0.0382516043664846,-0.0411183579939228,-0.0112281931437506,-0.0191745271662218,-0.0137986278020957,-0.0224472759992144,0.00150603310619498,-0.0136603402956823,-0.0203357653241918,0.0071739830310061,0.000726181674112228,-0.0215355870670435,-0.0188758772883768,0.0257986431456283,0.0046491577704647,0.024849192501348,-0.0116963765498007,0.00343258455510062,-0.0110903732280482,0.0101202822174964,-0.0215394647334388,-0.00399484778402391,-0.0182654677569673,-0.00891336637373965,-0.00682893199025635,-0.00664790856009605,-0.0059420225389267,-0.00010111441199668,-0.0105590774804922,-0.0221099668909698,0.0262342252762871,0.0321839409699139,-0.0241067311320326,-0.0261097898802801
-0.0220651912504358,0.0244346470863271,0.0165989130344291,-0.0323186797000587,0.0224290686790558,0.00175042037465289,0.000209379513659233,0.00419838778188301,0.0071258950870882,0.0236445933436376,-0.0147844092993766,-0.017755460334117,-0.0101637275878431,0.0226819840627139,0.0206292963722128,-0.0115266844946707,-0.0219630941753925,0.0220995978973654,-0.0503456589538021,0.0156488702347978,0.0123915012355631,-0.00849697253999667,-0.0294427584155383,0.0165666957218661,-0.0159019092957206,0.0030032066701279,-0.000609984898014302,0.0242038635400108,0.00366257474975483,0.00937308065951335,0.015599450432642,-0.00180352637671758,0.00921217129568379,-0.0200929845863253,-0.00224864446971787,-0.0356219717797236,-0.0130109110754412,0.00500489031562577,0.0178707299687944,-0.00685216811016979,0.00934979912745472,-0.0240209551126769,0.0120868856871071,0.00506817488242802,0.00640676135183352,0.0215916351628273,-0.0141699890863901,-0.00705513738386353,0.020078483023479,-0.0125701383665425
-0.0187734410126903,0.0165989130344291,0.0231151062228796,-0.0272446499727352,0.0172532692584305,0.000556248968506514,0.00276704139489558,0.00223849781235899,0.0048326625537544,0.0186031868229215,-0.0140663327750344,-0.0164036191672421,-0.01271170140267,0.0172090305560547,0.0159060625732891,6.1310110202317e-05,-0.0167499302463176,0.0141417820461268,-0.0448333212133451,0.0108442250740051,0.0096684126212551,-0.00377591204228916,-0.0179402088569456,0.00811360859320382,-0.0120548946276409,-0.00419707933217841,-0.00795061142441651,0.0167687297573093,0.00780148502302371,0.00619078545778494,0.00751264129209053,0.0035874337251481,0.018086125942938,-0.0160848744882357,-0.00524438261529116,-0.00164935575859247,-0.00894159575724208,0.000672552414132222,0.0129101752326906,-0.00741247182928211,0.00689500957445901,-0.0186244900805745,0.00185666218623221,-0.000128504547507378,0.00402008777179185,0.0154588497319114,-0.00990398695370766,-0.00425266822035274,0.0143225209104734,-0.00894838433800736
-0.00610478433878706,-0.0323186797000587,-0.0272446499727352,0.102356525131204,-0.0321799064737314,-0.00477468624871577,-0.0011304914848258,-0.0162836662791551,-0.01895412976483,-0.0324451924948046,0.0212958622436944,0.0133261211039854,0.0180081651674163,-0.0346224290260019,-0.0301053750724733,0.0121726810754897,0.023201798964992,-0.0394508132911876,0.112145648539987,-0.0234929693275002,-0.0232257759966893,0.007418176580844,0.0603235067305099,-0.0223350244555166,0.0388803585899458,-0.013351412726275,-0.00863167116704261,-0.0316557769868121,-0.0112477294075383,-0.0251521301930947,-0.0287086475969649,-0.000527630855527218,-0.0191519164487705,0.03818980743317,0.00601913058414517,0.0601183147187583,0.0342628098349194,-0.0117719682909971,-0.0328294274041501,0.0124668340229003,-0.0185591702067145,0.0523020684796287,-0.0176378428699085,-0.0164745233893394,-0.0135941017600753,-0.0318036941215886,0.0103102016949053,0.00263388133127623,-0.035924788525239,0.0363591136492796
-0.0556870738448739,0.0224290686790558,0.0172532692584305,-0.0321799064737314,0.0882870115056367,-0.000593910238857472,0.00320986308280045,-0.0115472692976559,0.00669080698743749,0.0218519356468541,-0.0190260738084228,-0.0403552680580958,-0.0108662365234634,0.0243827879313418,0.0155145631900441,-0.00862147784695471,-0.0212966843928612,0.0181481642265074,-0.0284288346720971,0.0146857654780817,0.0112309665900852,-0.0061105884943596,-0.0274491114629664,0.0167018552282084,-0.00468475232517972,-0.00149699123764633,-0.00158482865498605,0.0215903453021962,0.00831438039155498,0.00337540632690733,-0.00191847443681921,0.00636269173031083,0.0084901071842952,-0.0196403690730751,-0.00451149259529868,-0.0271416743613317,-0.00177498305336053,0.005195650827973,0.0188773355951639,-0.00994908695863369,0.00697294093203106,-0.0176737167505392,0.0130060468057136,-0.00508479239511656,0.0029971036614556,0.0190998663296959,-0.0156119619614382,-0.0164463076366042,0.0157465066603953,-0.00063257299780812
-0.0119120059818556,0.00175042037465289,0.000556248968506512,-0.00477468624871577,-0.000593910238857469,0.0205943171136766,0.00345122621179604,-0.00637303011954595,0.00768894721019694,0.000547932219098125,0.0101129735899841,-0.0126425841730254,0.0146166310247582,0.0038657467706111,0.00223180498525729,-0.00683550975678526,-0.00265533214677249,0.00646800382791099,-0.000272423870269258,0.00874028640838717,0.000715284545222,-0.00723209030910837,0.000219491189367167,-0.00224570346903735,-0.012645408026594,-0.00949499663723977,0.00349818961196643,0.00192010051811321,-0.00275050871671424,-0.00342241769876966,0.00633474551424566,0.00975106262618564,0.00148196148632556,0.00878170785870552,0.0157112803808102,-0.0321929520783455,-0.00997212003512362,0.0049755222512036,7.6841887182249e-05,0.0125041993348123,0.00662710929921876,-0.00722957559787358,-0.00129611097964769,-0.00588998033581992,0.0028223300897436,0.00173698456192145,-0.0077736531489603,-0.00326681705425071,0.00315947059087847,-0.0093690038274261
-0.0131287375705307,0.000209379513659233,0.00276704139489558,-0.0011304914848258,0.00320986308280045,0.00345122621179604,0.00967911771625269,-0.00010289293033267,0.00347743832953729,0.000109670754602942,-0.00318817466042443,-0.0048486619689616,-0.00593579361791536,0.000162937659218249,0.00100378465684229,0.00504476338503376,-0.000337230077378739,-0.000171976590266259,-0.00230762149242432,0.00263320305664881,0.000831503121638065,0.00869701699341451,0.00234434254536379,-0.00398717728642199,1.63651877922247e-05,-0.00893114228577637,-0.00864486241772975,0.000190618026844264,0.00777442983054645,-0.00237116644736037,-0.00167299874059634,0.00358947061983667,0.00276736669263598,-0.00125921451816261,-0.00126372772105992,-0.000120459182101114,0.00269128309706432,-0.00317602472707022,-0.000583069373144291,0.00244434310527176,0.00175629790432051,0.00175100147066646,-0.00749649292898243,-0.00693260476689153,0.00216548331276596,-0.000405843199652856,-0.000471167214561673,0.00397069872688742,0.00265875954843364,0.00317012525780183
0.0466572699746182,0.00419838778188301,0.00223849781235899,-0.0162836662791551,-0.0115472692976559,-0.00637303011954595,-0.00010289293033267,0.0359692783151036,-0.00275838663159332,0.00434349328784434,-0.00800202809034366,0.0228670471325152,-0.0151573868549,0.00226796179303994,0.00684546307617644,0.0052578219465766,-0.00232806581044359,-0.00368119781039011,-0.0305555093040123,-0.000499922056546498,0.00707149954329676,-0.00952181955296234,-0.0201061944625297,0.00074994140078421,-0.0065008887186894,-0.00637144047924179,-0.0146622653435223,0.00452743738927316,0.00308582068921314,0.0179587400142983,0.0111743705222797,0.00781920884397624,0.00310351774858532,-0.017719821749413,-0.0102110817227036,-0.00992482073213602,-0.0040089168203618,-0.0047573145697794,0.00445042238531607,-0.00790359505149232,0.00561821580404385,-0.00711601825962269,-0.00268255434648832,-0.00474682082041811,0.00213452793545497,0.0035156433578865,0.00731711637259403,0.0177766294724014,0.00360290972677389,-0.00692831451201389
-0.0283007329132339,0.0071258950870882,0.0048326625537544,-0.01895412976483,0.00669080698743749,0.00768894721019694,0.00347743832953729,-0.00275838663159332,0.0244127446467024,0.00725152186917066,0.00105974321032901,-0.0125320779586162,0.00302474282747934,0.0107649452579999,0.00692172740139499,-0.00462877483830649,-0.00801448901297902,0.0200645631802772,-0.0132895319357378,0.00729890419756656,0.00531039575957667,-0.00193527262007503,-0.0118855860225569,-0.0013973119971433,-0.0125918189775327,0.00334605514515312,0.00625387743968132,0.00651256630177832,0.00510217821334138,0.000998517334133811,0.014524338464887,-0.00738817868154082,0.000977276245920396,-0.0031020458463782,0.00582082082028695,-0.0267973741469195,-0.00983160075156896,-0.00290580249646052,0.00561683533578769,0.00291061465037473,0.00703660878071178,-0.0108989081896947,-0.00284228295750577,-0.00352996190326758,0.00831983787343269,0.00923568050241419,-0.00825758577613482,-0.00384435943083061,0.0130259049304131,-0.00981993770392166
-0.0218726479992368,0.0236445933436376,0.0186031868229215,-0.0324451924948046,0.0218519356468541,0.000547932219098125,0.000109670754602942,0.00434349328784434,0.00725152186917066,0.0245695980513393,-0.0141955097231521,-0.0175731402502459,-0.0110846793324518,0.0219711059215823,0.0207388785209854,-0.00870607560953225,-0.0220019164790149,0.022065696192756,-0.0508168965719663,0.0144502355339935,0.0127281243835314,-0.0077789589653833,-0.028284658455247,0.01544069171334,-0.0156275585692661,0.00153370699600378,-0.00268479199560663,0.0234505445789869,0.00444710095434507,0.0089150119464154,0.0141639414169255,-0.000790208085285964,0.0116912235038881,-0.0206515919832894,-0.00344425082228377,-0.0275265681143471,-0.0120662348363149,0.00306000646093391,0.0168697151056722,-0.00698085995046715,0.00919905230214955,-0.0236798879197955,0.010316544978752,0.00387509760802879,0.00597932527479304,0.020758880669267,-0.0140342091257767,-0.00666163692265566,0.0186322325671575,-0.0122015744188521
0.00875984728783425,-0.0147844092993766,-0.0140663327750344,0.0212958622436944,-0.0190260738084228,0.0101129735899841,-0.00318817466042443,-0.00800202809034366,0.00105974321032901,-0.0141955097231521,0.0410121949150479,8.67937143602571e-05,0.0383959724105195,-0.0136392694938302,-0.0135574289562211,-0.00354031350566818,0.0177214247787598,-0.00600845910363909,0.0495607601731501,-0.00677995202477963,-0.0111973267421131,-0.0113659494662028,0.0169598431859067,-0.0102137117075901,-0.00963098308089157,-0.00353045369790838,0.0153482006443629,-0.015074058536587,-0.0108657372100199,-0.0100734870876738,-0.00284206999586763,-0.000554026422980361,-0.0131925491413012,0.0332636756743724,0.0185249960167275,-0.00421482472317206,-0.00881706140904898,0.00154505763207897,-0.0135583271202783,0.01757434067352,-0.00245203874509393,0.00646445363446989,-0.00148035474250432,-0.00448738135320194,-0.00722745616868468,-0.01441953346853,0.00174227747491212,-0.000480781431939534,-0.015742475795191,-0.0111198777723568
0.0808072283644106,-0.017755460334117,-0.0164036191672421,0.0133261211039854,-0.0403552680580958,-0.0126425841730254,-0.0048486619689616,0.0228670471325152,-0.0125320779586162,-0.0175731402502459,8.67937143602554e-05,0.0679544914050334,-0.0107039911859079,-0.0174040869481106,-0.0146113086495315,0.0121745606054874,0.022119613541149,-0.02744445720069,0.0206700499046507,-0.0175612162704802,-0.00793970200055166,-0.00314184958339326,0.0118892415493491,-0.0131999028046186,0.0162844013173876,-0.00313445366054344,-0.0107601537862961,-0.0180036678012043,-0.00272939609987045,0.00749627624417606,-0.00380050081587867,-0.00840894535179759,-0.0115812137307085,-0.000784190082479315,-0.0130477381457393,0.0387794556547649,0.0124380265528891,-0.00955425263808298,-0.0140410402067551,-0.00760326986233782,-0.00763430942291292,0.0171645025261914,-0.00406619572189895,-0.00338973214715923,-0.00900802635738617,-0.0179817229724329,0.0221062611906874,0.0213829917949314,-0.0167295100162386,0.00892858277134157
0.000751761752318485,-0.0101637275878431,-0.01271170140267,0.0180081651674163,-0.0108662365234634,0.0146166310247582,-0.00593579361791535,-0.0151573868549,0.00302474282747934,-0.0110846793324518,0.0383959724105195,-0.0107039911859079,0.0529712684597047,-0.00858798592105832,-0.0110772620370627,-0.0123958260285425,0.0109903730670033,-0.00282792163058403,0.0438369093026292,-0.00273543244435723,-0.0113439539630672,-0.0167302192711667,0.0163051152080839,-0.00259014560600386,-0.0163443703235064,-0.000895943375542656,0.0253967784797871,-0.0105591905172029,-0.0130406285094531,-0.010139985097883,0.00259808751313972,-0.00440182274388128,-0.0142691666666056,0.0391113570664943,0.0283453505342136,-0.0201958256589713,-0.0154870736989552,0.0089857341737812,-0.00978485459912553,0.0180345968464344,-0.0013418698555971,-0.00196271799330403,0.00697598820683414,-0.00198685518102208,-0.00972397012945095,-0.0117239533103749,-0.00462163127616438,-0.00883024172956915,-0.0123238875361553,-0.0157025804308387
-0.0255130469631818,0.0226819840627139,0.0172090305560547,-0.0346224290260019,0.0243827879313418,0.0038657467706111,0.000162937659218249,0.00226796179303994,0.0107649452579999,0.0219711059215823,-0.0136392694938302,-0.0174040869481106,-0.00858798592105832,0.0281455191000924,0.0190841569053503,-0.0113212179827597,-0.0219445984360877,0.0242464809839584,-0.0503080102858785,0.015116467552318,0.0111091967087284,-0.00971110822083492,-0.0233045193070138,0.014196270110379,-0.0163496865722033,0.00444530997112586,0.00262955123926909,0.022057039774254,0.00463541418225428,0.00846827304529705,0.0181540987554504,-0.00399708589157969,0.010315792180098,-0.0197951047522,-0.00232817761804934,-0.0392003689318094,-0.0140508885456534,0.00517991598496442,0.0165986252166965,-0.00673638728502624,0.00851202519871164,-0.0241854215889844,0.00949847602036119,0.00207369047179148,0.00607572818276695,0.0219553103218576,-0.0136692371123343,-0.00750465894332493,0.0218611889438185,-0.0133917409761831
-0.0191551087447036,0.0206292963722128,0.0159060625732891,-0.0301053750724733,0.0155145631900441,0.00223180498525729,0.00100378465684229,0.00684546307617644,0.00692172740139499,0.0207388785209854,-0.0135574289562211,-0.0146113086495315,-0.0110772620370627,0.0190841569053503,0.0224294335411927,-0.00971170114686003,-0.0210067729396536,0.020244316257093,-0.0480923043820213,0.0147337327919849,0.0128706873400438,0.00058248073581186,-0.0276246396121002,0.0118970390540171,-0.0138182457492891,-0.000797537697650343,-0.00378384258417246,0.0211329191181039,0.00496232728791718,0.00923705288154792,0.0146187741514769,-0.000126258127782214,0.0090606501426149,-0.0195781803239709,-0.00360844506990532,-0.0313006253386183,-0.0118958483560687,0.00464358188266698,0.0154683081862288,-0.00594805553713313,0.00972442191560037,-0.0209423496815417,0.00788852420708512,0.00352318795910674,0.00667498390879347,0.0186046666991949,-0.0122505188768887,-0.00398452803810788,0.0169238284666588,-0.0110203172869365
0.000888004912049613,-0.0115266844946707,6.13101102023168e-05,0.0121726810754897,-0.00862147784695471,-0.00683550975678526,0.00504476338503376,0.0052578219465766,-0.00462877483830649,-0.00870607560953225,-0.00354031350566818,0.0121745606054874,-0.0123958260285425,-0.0113212179827597,-0.00971170114686003,0.0339415972528103,0.00690582717597554,-0.0163970004247328,0.0114918898187426,-0.0110405185782282,-0.00451774363686386,0.0120667649855186,0.0124349196840857,-0.0109914754972139,0.0189538105558363,-0.0155425657398606,-0.0220476594754102,-0.011855011219329,0.0060338242694885,-0.00109985008783118,-0.0137908906098834,0.000881610847293054,0.00909507847919184,-0.00300542120336242,-0.00832314422480962,0.0497391757873994,0.021880173497473,-0.0100591625821369,-0.00990355986196343,-0.00188105710979404,-0.00414590148676702,0.0197792527971154,-0.0143188537482482,-0.016404705819348,-0.00391403628699709,-0.0115939075367808,0.00910178165512987,0.0123404835510821,-0.011572807621737,0.0195475215693962
0.0382516043664846,-0.0219630941753925,-0.0167499302463176,0.023201798964992,-0.0212966843928612,-0.00265533214677249,-0.000337230077378739,-0.00232806581044359,-0.00801448901297902,-0.0220019164790149,0.0177214247787598,0.022119613541149,0.0109903730670033,-0.0219445984360877,-0.0210067729396536,0.00690582717597554,0.0426181759313518,-0.0280284220017699,0.0396329074534341,-0.0145332111630415,-0.00905107419040606,0.00164503240454365,0.0245151489539757,-0.0186112388852519,0.00711592141199835,0.000536342633401785,-0.000622196789889539,-0.0222555920976094,-0.00294679114590897,-0.00533393694348866,-0.0134567121477968,0.00443820200219736,-0.012668264981044,0.021519684016252,0.00185755592801103,0.0208431408511478,0.00306724552377349,-0.0045261996824624,-0.0117757186554665,0.00661847609675039,-0.00775979246588795,0.0204513772805352,-0.00838264406318294,-0.000855106854589327,-0.0073273999820825,-0.020876384464577,0.0263166828175836,0.0106891223077782,-0.0233961680905652,-0.000250689185176567
-0.0411183579939228,0.0220995978973654,0.0141417820461268,-0.0394508132911876,0.0181481642265074,0.00646800382791099,-0.000171976590266259,-0.00368119781039011,0.0200645631802772,0.022065696192756,-0.00600845910363909,-0.02744445720069,-0.00282792163058403,0.0242464809839584,0.020244316257093,-0.0163970004247328,-0.0280284220017699,0.0759024174032143,-0.0314970107209878,0.0160508023971696,0.0136393141541031,-0.00972128342108654,-0.0318891395904145,0.00645265825813043,-0.0225841123635961,0.00404931366433075,0.0133264907478682,0.0224198308692106,0.00629614256112928,0.000393247762660301,0.0178915534481274,-0.0136375568014712,0.00714365058259975,-0.0148951721523071,-0.000445353450004582,-0.0461714615199775,-0.0200705639282905,0.00109870181519834,0.0153957669828418,-0.00158367015293926,0.00957657692147885,-0.031598938269283,0.000431175825611774,0.0184108273525852,0.00945535414437237,0.0222993130990263,-0.0227579191313495,-0.0161614306944574,0.0370937395331935,-0.0165632638914998
-0.0112281931437507,-0.0503456589538021,-0.0448333212133451,0.112145648539987,-0.0284288346720971,-0.000272423870269255,-0.00230762149242432,-0.0305555093040123,-0.0132895319357378,-0.0508168965719663,0.0495607601731502,0.0206700499046507,0.0438369093026292,-0.0503080102858785,-0.0480923043820213,0.0114918898187426,0.0396329074534341,-0.0314970107209878,0.240169135149882,-0.0355106960879915,-0.0388001945116309,0.0150749364080116,0.082702645418667,-0.0453938277387165,0.0370786696424531,-0.023494476551594,-0.00179631737036508,-0.0506838606877635,-0.0157213633593295,-0.041638834675011,-0.038720860737461,-0.0054973297099972,-0.0386827172579107,0.0714540803842858,0.0192445391583286,0.0796540304793192,0.0329482961718121,-0.0241989201622029,-0.0507334045990717,0.0261054718814377,-0.0268234589958352,0.0579384877544066,-0.0362958631908795,-0.0301711370251856,-0.0258220920975529,-0.0506519059236172,0.0130934552245695,0.000464608800938669,-0.0439604997883141,0.0334065553500175
-0.0191745271662218,0.0156488702347978,0.0108442250740051,-0.0234929693275002,0.0146857654780817,0.00874028640838717,0.00263320305664881,-0.000499922056546497,0.00729890419756656,0.0144502355339935,-0.00677995202477963,-0.0175612162704802,-0.00273543244435723,0.015116467552318,0.0147337327919849,-0.0110405185782282,-0.0145332111630415,0.0160508023971696,-0.0355106960879915,0.0204792094126841,0.0068807455585961,-0.00634253415503451,-0.0190733307790532,0.00769105815389109,-0.0181571628087061,-0.00119581951965911,0.00458712109219492,0.0160974198582609,0.00117985403025872,0.00686749577449281,0.015637182021043,0.00437604863259069,0.00523409563282772,-0.0113226348547792,0.00298944455566675,-0.0391494393240734,-0.0158528620153282,0.009910506169386,0.0118574193331316,-0.000209264004535262,0.0143279326474537,-0.0188979532294721,0.00715204053244992,0.00158828225661287,0.00714322116427124,0.0145501030876666,-0.0109149786621525,-0.0038400612620814,0.0117461048280899,-0.0141132917325005
-0.0137986278020957,0.0123915012355631,0.0096684126212551,-0.0232257759966893,0.0112309665900852,0.000715284545222,0.000831503121638065,0.00707149954329677,0.00531039575957667,0.0127281243835314,-0.0111973267421131,-0.00793970200055166,-0.0113439539630672,0.0111091967087284,0.0128706873400438,-0.00451774363686386,-0.00905107419040606,0.0136393141541031,-0.0388001945116309,0.0068807455585961,0.0169730322987836,-0.00250539836454037,-0.0209077883086084,0.00781618016707237,-0.00712386669768197,0.00177556858032838,-0.00597881007908805,0.0123390774286274,0.00701338726955664,0.00668617730148226,0.00713198286230154,0.00397370278046429,0.00697776828245919,-0.0167735869919585,-0.00544526659919265,-0.0197847321566448,-0.00784899598506414,0.000654843512095,0.0171194170172629,-0.00493915825092287,0.0059167959630526,-0.0147511258642297,0.00283797069139583,0.0100238295080691,0.00415233120364875,0.01097485971678,-0.00188849391378006,-0.00249966538113917,0.0123637903948113,-0.00875705910356267
-0.0224472759992144,-0.00849697253999667,-0.00377591204228916,0.007418176580844,-0.0061105884943596,-0.00723209030910837,0.00869701699341451,-0.00952181955296234,-0.00193527262007503,-0.0077789589653833,-0.0113659494662028,-0.00314184958339326,-0.0167302192711667,-0.00971110822083492,0.000582480735811863,0.0120667649855186,0.00164503240454365,-0.00972128342108654,0.0150749364080116,-0.00634253415503451,-0.00250539836454037,0.092520433599137,0.0128436631886171,-0.00165202643690953,0.0159110611122559,-0.00845087638073268,-0.0172481593364148,-0.00828927394544782,0.00952788141863323,-0.0107402549147827,-0.0145004058942353,0.0052490303243037,-0.000691119778268821,0.00218561786585213,-0.00524489215587864,0.0128767456422097,0.0157594286139714,-0.00736161682886333,-0.00517189276314884,0.00142142116708055,-0.00775186575139183,0.00849040408152779,-0.0190585596687298,-0.00418845826782231,-0.000459194518602939,-0.00913272200654032,0.00804310056649442,0.00299199628531032,-0.00512482592651716,0.0186781856063976
0.00150603310619498,-0.0294427584155383,-0.0179402088569456,0.0603235067305099,-0.0274491114629664,0.000219491189367169,0.00234434254536379,-0.0201061944625297,-0.0118855860225569,-0.028284658455247,0.0169598431859067,0.0118892415493491,0.0163051152080839,-0.0233045193070138,-0.0276246396121002,0.0124349196840857,0.0245151489539757,-0.0318891395904145,0.082702645418667,-0.0190733307790532,-0.0209077883086084,0.0128436631886171,0.0852990555461187,-0.0230694485347152,0.0238399692200422,-0.0109686586011711,-0.000952694943072409,-0.029664817012988,-0.00438300480486646,-0.0276568392266567,-0.0274774380786335,0.00710312689223483,-0.005756803209464,0.0372851215606825,0.00445520296519545,0.0484660344499515,0.0183102487131007,-0.00845861719498154,-0.0281718581550346,0.00999006499210491,-0.0175769362693056,0.0325540697002054,-0.0158587482919328,-0.0127200780632836,-0.0114716211785852,-0.0288267855085461,0.00688537353142022,-0.00196812785847361,-0.0235373015588118,0.0202954954323193
-0.0136603402956823,0.0165666957218661,0.00811360859320382,-0.0223350244555166,0.0167018552282085,-0.00224570346903735,-0.00398717728642199,0.00074994140078421,-0.0013973119971433,0.01544069171334,-0.0102137117075901,-0.0131999028046186,-0.00259014560600386,0.014196270110379,0.0118970390540171,-0.0109914754972139,-0.0186112388852519,0.00645265825813043,-0.0453938277387165,0.00769105815389108,0.00781618016707237,-0.00165202643690953,-0.0230694485347152,0.0364968287084268,-0.00920800600082999,0.00849760381906947,0.000793277830416885,0.0164542699653983,-0.00378473286973622,0.0118915446585292,0.00479822871002603,-0.00200127743889341,0.00543030246870971,-0.0132477506103805,0.00170962014746331,-0.0294736380003104,-0.00866861989474894,0.0153554137535836,0.011540644300454,-0.00438564646046174,0.00203320247716791,-0.0184041286058439,0.0198219031256731,0.013186904444321,0.0032248264821278,0.0138625003216416,-0.0103595554965774,-0.00816118275764333,0.0135762287018824,-0.00715742546553624
-0.0203357653241918,-0.0159019092957206,-0.0120548946276409,0.0388803585899458,-0.00468475232517972,-0.012645408026594,1.6365187792225e-05,-0.0065008887186894,-0.0125918189775327,-0.0156275585692661,-0.00963098308089157,0.0162844013173876,-0.0163443703235064,-0.0163496865722033,-0.0138182457492891,0.0189538105558363,0.00711592141199835,-0.0225841123635961,0.0370786696424531,-0.0181571628087061,-0.00712386669768197,0.0159110611122559,0.0238399692200422,-0.00920800600082999,0.0612081729865284,-0.00726968873156059,-0.02154966625907,-0.0156167013280752,0.00728710800112202,-0.0143893725973892,-0.0254851055149522,-0.0116526372379373,-0.00680155823873055,-0.00161429618668565,-0.0116826470161081,0.0539783654883138,0.0526191284454204,-0.01528341105767,-0.0119506294502726,-0.0037717755575323,-0.0160923642007851,0.0383334157140789,-0.0130287453358898,-0.00287069387570591,-0.0104374543899055,-0.016132592917204,0.0119840475897444,-0.000410116366358515,-0.0163289878667027,0.0525370783271358
0.0071739830310061,0.0030032066701279,-0.00419707933217841,-0.013351412726275,-0.00149699123764633,-0.00949499663723977,-0.00893114228577636,-0.00637144047924178,0.00334605514515312,0.00153370699600378,-0.00353045369790838,-0.00313445366054344,-0.000895943375542655,0.00444530997112586,-0.000797537697650343,-0.0155425657398606,0.000536342633401786,0.00404931366433075,-0.0234944765515939,-0.00119581951965911,0.00177556858032838,-0.00845087638073268,-0.0109686586011711,0.00849760381906948,-0.00726968873156059,0.0617153484017595,0.0377815090904016,0.00250997255364264,-0.00759983159596796,0.00236123289456867,0.00719108569761893,-0.0120560466588348,-0.0054839250334672,-0.00540210766010995,-0.00377817394864808,-0.0134814013137775,-0.0134057124411021,0.00391143267045757,0.00691623040564653,-0.00661214386988171,-0.00357083327050849,-0.00994293668250239,0.0150135978200553,0.0250815874559118,0.0127074544127538,0.0111088512798385,0.0021405204767809,-0.011278952078888,0.00122022434625466,-0.0121845368079685
0.000726181674112229,-0.000609984898014302,-0.00795061142441651,-0.0086316711670426,-0.00158482865498605,0.00349818961196644,-0.00864486241772975,-0.0146622653435223,0.00625387743968132,-0.00268479199560663,0.0153482006443629,-0.0107601537862961,0.0253967784797871,0.00262955123926909,-0.00378384258417246,-0.0220476594754102,-0.000622196789889539,0.0133264907478682,-0.00179631737036508,0.00458712109219491,-0.00597881007908805,-0.0172481593364148,-0.000952694943072407,0.000793277830416885,-0.02154966625907,0.0377815090904016,0.0750834236841331,-0.000723796031253292,-0.012841695976594,-0.00468155235770624,0.00976301296381269,-0.0155448489842837,-0.00986211973424521,0.0114984991703116,0.00873684894101908,-0.0206490610607715,-0.024011798083788,0.0141259421575064,-0.0017064365967721,0.000876324382539711,0.00108037331081557,-0.0109425847684586,0.0178826890883971,0.00937072162846206,0.00966631357110927,0.0070280717564935,-0.0100403428509528,-0.0125549172192392,0.00149944105895945,-0.0237851693744586
-0.0215355870670435,0.0242038635400108,0.0167687297573093,-0.0316557769868121,0.0215903453021962,0.00192010051811321,0.000190618026844264,0.00452743738927316,0.00651256630177832,0.0234505445789869,-0.015074058536587,-0.0180036678012043,-0.0105591905172029,0.022057039774254,0.0211329191181039,-0.011855011219329,-0.0222555920976094,0.0224198308692106,-0.0506838606877635,0.0160974198582609,0.0123390774286274,-0.00828927394544782,-0.029664817012988,0.0164542699653983,-0.0156167013280752,0.00250997255364264,-0.000723796031253292,0.0246273768978331,0.00377665950858365,0.00927556076153993,0.0150403783648431,-0.00146104317411765,0.00940463871831397,-0.0201744806712164,-0.0024641585483997,-0.0350379071987903,-0.013004835946541,0.00535508789334532,0.0177971539874824,-0.0067880546385775,0.009240811721972,-0.0238581376507729,0.0117777595203783,0.00498463215191427,0.00683261014137626,0.0216479969157495,-0.0142042215608538,-0.00704359910757917,0.0199926383167874,-0.0118742681539649
-0.0188758772883768,0.00366257474975483,0.00780148502302371,-0.0112477294075383,0.00831438039155498,-0.00275050871671424,0.00777442983054645,0.00308582068921314,0.00510217821334138,0.00444710095434507,-0.0108657372100199,-0.00272939609987045,-0.0130406285094531,0.00463541418225428,0.00496232728791718,0.00603382426948849,-0.00294679114590897,0.00629614256112928,-0.0157213633593295,0.00117985403025872,0.00701338726955664,0.00952788141863323,-0.00438300480486646,-0.00378473286973622,0.00728710800112202,-0.00759983159596796,-0.012841695976594,0.00377665950858365,0.0180731104893023,-0.000391760426102888,-0.000382242921114988,-0.00266626538586607,0.00425634288546968,-0.0105234559195438,-0.00728330896894206,0.00489878166971006,0.0068091842731075,-0.00678203828256849,0.00653316186999431,-0.0042402131807924,-3.28841009493609e-06,-0.00106624349081545,-0.0078865813802347,-0.000613194943566235,-0.00101487835525983,0.00194679095437136,0.00228040372763017,0.00175113234377485,0.0050782352788517,0.00721305677634233
0.0257986431456283,0.00937308065951335,0.00619078545778494,-0.0251521301930947,0.00337540632690732,-0.00342241769876966,-0.00237116644736037,0.0179587400142983,0.000998517334133811,0.0089150119464154,-0.0100734870876738,0.00749627624417606,-0.010139985097883,0.00846827304529705,0.00923705288154792,-0.00109985008783118,-0.00533393694348866,0.000393247762660303,-0.041638834675011,0.00686749577449281,0.00668617730148226,-0.0107402549147827,-0.0276568392266567,0.0118915446585292,-0.0143893725973892,0.00236123289456867,-0.00468155235770624,0.00927556076153993,-0.000391760426102888,0.0259497262270727,0.0121891129035998,0.00304282498824,0.00397206477912132,-0.0179166867465427,-0.00431197308115292,-0.0245781023728332,-0.0124028069751402,0.00725230575321379,0.0101492704401672,-0.00788430958573329,0.00858502195920248,-0.0115826281064284,0.00922935195382267,0.00320754048834326,0.00332771172245415,0.00940965367120727,0.00178862795062825,0.00904147936702095,0.00740800790511359,-0.013971651696602
0.0046491577704647,0.015599450432642,0.00751264129209053,-0.0287086475969649,-0.00191847443681921,0.00633474551424565,-0.00167299874059634,0.0111743705222797,0.014524338464887,0.0141639414169255,-0.00284206999586762,-0.00380050081587867,0.00259808751313972,0.0181540987554504,0.0146187741514769,-0.0137908906098834,-0.0134567121477968,0.0178915534481274,-0.038720860737461,0.015637182021043,0.00713198286230154,-0.0145004058942353,-0.0274774380786335,0.00479822871002603,-0.0254851055149522,0.00719108569761893,0.00976301296381269,0.0150403783648431,-0.000382242921114988,0.0121891129035998,0.0366431735378654,-0.00355763230993366,0.000555990419032741,-0.0101129474765735,0.00386484649516818,-0.045738272317255,-0.0239270218010055,0.0040811258933266,0.0132944555360083,-0.00202749416528876,0.0131884356351355,-0.0236373032403302,0.00786052211153086,0.000152158176287579,0.00806821695808593,0.0173334614318151,-0.00840011897217465,0.00140859692542382,0.00928414677797591,-0.024450134929866
0.024849192501348,-0.00180352637671758,0.0035874337251481,-0.000527630855527219,0.00636269173031083,0.00975106262618564,0.00358947061983667,0.00781920884397624,-0.00738817868154082,-0.000790208085285964,-0.000554026422980361,-0.00840894535179758,-0.00440182274388129,-0.00399708589157969,-0.000126258127782213,0.000881610847293055,0.00443820200219736,-0.0136375568014712,-0.0054973297099972,0.00437604863259069,0.00397370278046429,0.0052490303243037,0.00710312689223483,-0.00200127743889341,-0.0116526372379373,-0.0120560466588348,-0.0155448489842837,-0.00146104317411765,-0.00266626538586607,0.00304282498824,-0.00355763230993365,0.0581198892473631,0.00932008530346335,0.00129763466872408,0.0067428979007817,-0.033306788717658,-0.00896447282653867,-0.000933543117851325,0.0029736319460604,0.00721441626314331,0.00544596628595153,-0.00618297050419105,-0.0178871404306375,-0.00828520046570988,0.00407227432310571,-0.00253287392277316,0.00220367740972844,0.00662271210458527,-0.0057810628353362,-0.00899041890791285
-0.0116963765498007,0.00921217129568379,0.018086125942938,-0.0191519164487706,0.0084901071842952,0.00148196148632556,0.00276736669263598,0.00310351774858532,0.000977276245920396,0.0116912235038881,-0.0131925491413012,-0.0115812137307085,-0.0142691666666056,0.010315792180098,0.0090606501426149,0.00909507847919183,-0.012668264981044,0.00714365058259975,-0.0386827172579107,0.00523409563282772,0.00697776828245919,-0.000691119778268822,-0.005756803209464,0.00543030246870971,-0.00680155823873055,-0.0054839250334672,-0.00986211973424521,0.00940463871831397,0.00425634288546968,0.00397206477912132,0.00055599041903274,0.00932008530346335,0.0273171219102533,-0.0146279930740802,-0.0062479538333088,0.00806488214711727,-0.00503067455718867,0.000212980638200724,0.00763201748530486,-0.00575552352495429,0.00474084514132806,-0.0122895902530162,0.000167080254212337,-0.00344708778080608,0.0067616645336007,0.00985642200200041,-0.00725788842068933,-0.00216513860475987,0.0106063304497204,-0.00517597371679224
0.00343258455510062,-0.0200929845863253,-0.0160848744882357,0.03818980743317,-0.0196403690730751,0.00878170785870552,-0.00125921451816261,-0.017719821749413,-0.0031020458463782,-0.0206515919832894,0.0332636756743724,-0.000784190082479315,0.0391113570664943,-0.0197951047522,-0.0195781803239709,-0.00300542120336242,0.021519684016252,-0.0148951721523071,0.0714540803842858,-0.0113226348547792,-0.0167735869919585,0.00218561786585213,0.0372851215606825,-0.0132477506103805,-0.00161429618668565,-0.00540210766010995,0.0114984991703116,-0.0201744806712164,-0.0105234559195438,-0.0179166867465427,-0.0101129474765735,0.00129763466872408,-0.0146279930740802,0.0499497106971211,0.0197821361428881,0.0136101129111197,-0.00433054894749615,-0.000673002439371963,-0.018371862143,0.0176108554637872,-0.0103431304619537,0.0118198664521357,-0.00513355299205806,-0.00581299542232723,-0.011232907207515,-0.0192547162471556,0.001804440656933,-0.00519393912452198,-0.0211098317070794,-0.00271549493438659
-0.0110903732280482,-0.00224864446971787,-0.00524438261529116,0.00601913058414517,-0.00451149259529868,0.0157112803808102,-0.00126372772105992,-0.0102110817227036,0.00582082082028695,-0.00344425082228377,0.0185249960167275,-0.0130477381457393,0.0283453505342136,-0.00232817761804934,-0.00360844506990532,-0.00832314422480962,0.00185755592801103,-0.000445353450004582,0.0192445391583286,0.00298944455566675,-0.00544526659919265,-0.00524489215587864,0.00445520296519545,0.00170962014746331,-0.0116826470161081,-0.00377817394864808,0.00873684894101908,-0.0024641585483997,-0.00728330896894206,-0.00431197308115292,0.00386484649516818,0.00674289790078171,-0.0062479538333088,0.0197821361428881,0.0274073726537416,-0.0335028159453266,-0.00924432476094551,0.00479357585363434,-0.00272517839709225,0.0158097955454973,0.00188005596412636,-0.00211460666168446,-0.000110237618865416,-0.00411237583725256,-0.00181430202968378,-0.00325512914202935,-0.00570072298557711,-0.00542606402247958,-0.00457527749195749,-0.00878924986026888
0.0101202822174964,-0.0356219717797236,-0.00164935575859247,0.0601183147187583,-0.0271416743613317,-0.0321929520783455,-0.000120459182101117,-0.00992482073213602,-0.0267973741469195,-0.0275265681143471,-0.00421482472317206,0.0387794556547649,-0.0201958256589713,-0.0392003689318094,-0.0313006253386183,0.0497391757873994,0.0208431408511478,-0.0461714615199775,0.0796540304793192,-0.0391494393240734,-0.0197847321566448,0.0128767456422097,0.0484660344499515,-0.0294736380003104,0.0539783654883138,-0.0134814013137775,-0.0206490610607715,-0.0350379071987903,0.00489878166971005,-0.0245781023728332,-0.045738272317255,-0.033306788717658,0.00806488214711726,0.0136101129111197,-0.0335028159453266,0.24881948096009,0.0502198654689886,-0.0238871524196471,-0.0343868220161963,-0.0168136802803057,-0.0275995280005282,0.0495310831971007,-0.0127917238518941,-0.0166123225810201,-0.0189629427272301,-0.0356686117125862,0.0174150626653229,0.00612488335396782,-0.0381439727850791,0.0484674994451951
-0.0215394647334388,-0.0130109110754412,-0.00894159575724208,0.0342628098349194,-0.00177498305336053,-0.00997212003512362,0.00269128309706432,-0.0040089168203618,-0.00983160075156896,-0.0120662348363149,-0.00881706140904899,0.0124380265528891,-0.0154870736989552,-0.0140508885456534,-0.0118958483560687,0.021880173497473,0.00306724552377349,-0.0200705639282905,0.0329482961718121,-0.0158528620153282,-0.00784899598506414,0.0157594286139714,0.0183102487131007,-0.00866861989474894,0.0526191284454204,-0.0134057124411021,-0.024011798083788,-0.013004835946541,0.0068091842731075,-0.0124028069751402,-0.0239270218010055,-0.00896447282653867,-0.00503067455718866,-0.00433054894749615,-0.00924432476094551,0.0502198654689886,0.0542315359289765,-0.0153356260906946,-0.0136025642128813,-0.00259213848932007,-0.0131562388128712,0.0359750666538581,-0.0151635386591268,-0.0104298201910632,-0.008401173349325,-0.0140792083254667,0.00738861143735261,0.0029946952949614,-0.0124054597018745,0.051830105560711
-0.00399484778402391,0.00500489031562578,0.000672552414132223,-0.0117719682909971,0.005195650827973,0.0049755222512036,-0.00317602472707022,-0.0047573145697794,-0.00290580249646052,0.00306000646093391,0.00154505763207897,-0.00955425263808298,0.0089857341737812,0.00517991598496442,0.00464358188266698,-0.0100591625821369,-0.0045261996824624,0.00109870181519834,-0.0241989201622029,0.009910506169386,0.000654843512095,-0.00736161682886333,-0.00845861719498154,0.0153554137535836,-0.01528341105767,0.00391143267045757,0.0141259421575064,0.00535508789334531,-0.00678203828256849,0.00725230575321379,0.0040811258933266,-0.000933543117851324,0.000212980638200723,-0.000673002439371964,0.00479357585363434,-0.0238871524196471,-0.0153356260906946,0.0291570118639096,0.00207187711458214,0.00116413690664788,0.00638116953106503,-0.00805069016878022,0.0209264935558188,0.00728273967032001,0.00179325706421935,0.00540812606990212,-0.00591708040037829,-0.00207260649924758,0.00329213638544039,-0.0136918987819423
-0.0182654677569673,0.0178707299687944,0.0129101752326906,-0.0328294274041501,0.0188773355951639,7.68418871822477e-05,-0.00058306937314429,0.00445042238531607,0.00561683533578769,0.0168697151056722,-0.0135583271202783,-0.0140410402067551,-0.00978485459912553,0.0165986252166965,0.0154683081862288,-0.00990355986196343,-0.0117757186554665,0.0153957669828418,-0.0507334045990717,0.0118574193331316,0.0171194170172629,-0.00517189276314884,-0.0281718581550346,0.011540644300454,-0.0119506294502726,0.00691623040564653,-0.0017064365967721,0.0177971539874824,0.00653316186999431,0.0101492704401672,0.0132944555360083,0.0029736319460604,0.00763201748530486,-0.018371862143,-0.00272517839709225,-0.0343868220161963,-0.0136025642128813,0.00207187711458214,0.0288500208926928,-0.0063465142744865,0.00753876287005768,-0.0203045107434097,0.00545596467604742,0.0153819025992249,0.00427313504508513,0.015992232219613,-0.00216872437175025,-0.00483250131884642,0.0148192187208969,-0.0130169083362739
-0.00891336637373965,-0.00685216811016979,-0.00741247182928211,0.0124668340229003,-0.00994908695863369,0.0125041993348123,0.00244434310527176,-0.00790359505149232,0.00291061465037472,-0.00698085995046715,0.01757434067352,-0.00760326986233782,0.0180345968464344,-0.00673638728502624,-0.00594805553713313,-0.00188105710979404,0.00661847609675039,-0.00158367015293926,0.0261054718814377,-0.000209264004535262,-0.00493915825092287,0.00142142116708055,0.00999006499210491,-0.00438564646046174,-0.0037717755575323,-0.00661214386988171,0.000876324382539711,-0.0067880546385775,-0.0042402131807924,-0.00788430958573329,-0.00202749416528876,0.00721441626314331,-0.00575552352495429,0.0176108554637872,0.0158097955454973,-0.0168136802803057,-0.00259213848932007,0.00116413690664788,-0.0063465142744865,0.019853162438917,-0.00117260634189427,0.00363495812031431,-0.00687675063764957,-0.00485686569327088,-0.000988717957398675,-0.00723563235457859,-0.00119595797335742,-0.000652925611741926,-0.00654139295578819,-0.00248325786204642
