0.00211376244501396,-0.00130762116689237,-0.00130762116689237,-0.00130762116689237,0.00129085018957258,0.00101670205351621,-0.00130762116689237,0.000828275438791227,-0.00130762116689237,0.00130190236211774,0.00130190236211775,0.00130190236211774,-0.00130762116689237,-0.00130762116689237,0.00153161774288137,0.000956836733480692,0.0012712736116876,0.00127772816858085,0.000819553979769312,-0.00130762116689237,0.000828275438791231,-0.00130762116689237,0.00126464666485484,0.00127806341686633,-0.00130762116689237,-0.00130762116689237,0.00148399254377413,-0.00130762116689237,0.00122250850203413,0.000819553979769312,-0.00130762116689238,0.00139625309736119,0.00129085018957259,-0.000381348775031316,0.00120261283085992,-0.00130762116689237,-0.000408370036162423,-0.00130762116689237,0.000970874989524599,-0.00130762116689237,-0.00130762116689237,-0.00130762116689237,0.00130190236211774,0.000334894436305616,0.00127806341686633,0.000819553979769312,0.000828275438791233,-0.00130762116689237,-0.00130762116689237,-0.00130762116689237,-0.00130762116689237,-0.00130762116689237,0.000898349465174511,-0.00130762116689237,0.00130190236211774,-0.00130762116689237,7.63892607657082e-05,-0.00130762116689237,-0.00130762116689237,-0.00130762116689237,-0.000408370036162421,-0.00130762116689237,0.00160331590061852,0.000805343379627877,0.00201376244501393,-0.00130762116689237,-0.00130762116689238,0.00101670205351621,-0.00130762116689237,-0.00130762116689237,0.00130190236211774,-0.00130762116689237,-0.00130762116689238,-0.00130762116689238,0.00201376244501392,-0.00130762116689238,-0.00130762116689238,0.00140260533616844,0.00130190236211774,0.00082827543879123,0.00114633814521303,-0.00130762116689237,-0.00130762116689238,-0.00130762116689237,-0.00130762116689237,0.00175885688254271,0.000993424578310242,0.00114703098798702,-0.00130762116689238,0.00127806341686633,-0.00130762116689237,0.000828275438791221,0.000819553979769303,0.00127806341686633,-0.00130762116689237,0.0010167020535162,0.00201376244501392,-0.00130762116689238,-0.00130762116689238,0.00129085018957258,0.00201376244501391,-0.00130762116689238,-0.00130762116689238,-0.00130762116689238,-0.00130762116689238,0.00130190236211774,-0.00130762116689238,0.0010167020535162,0.00114633814521303,0.000828275438791222,-0.00130762116689238,-0.00130762116689238,-0.00130762116689238,-0.00130762116689238,-0.00130762116689238,-0.00130762116689238,-0.00130762116689238,-0.00040837003616242,-0.000408370036162421,-0.00040837003616242,-0.00130762116689238,-0.00130762116689238,0.00101670205351621,-0.00040837003616242,-0.000292695871798198,-0.00130762116689237,-0.000408370036162422,-0.00130762116689237,0.000221263391592401,-0.000408370036162425,-0.000408370036162425,0.000902175452867092,0.00129085018957257,-0.00130762116689238,-0.00130762116689238,-0.000408370036162425,0.00127806341686632,-0.000408370036162425,0.000334894436305606,0.00126846459976898,-0.00130762116689238,0.000946069604125459,0.00201376244501391,0.00110285231432553,0.000418096823432011,-0.00130762116689238,0.00201376244501391,0.00124157204659483,0.00105111118221323,-0.00130762116689238
-0.00130762116689237,0.00178686189317058,0.00168686189317058,0.00168686189317058,-0.00139175606162336,-0.00133170335252829,0.00168686189317058,-0.00125358505944256,0.00168686189317058,-0.00139656085993269,-0.00139656085993268,-0.00139656085993268,0.00168686189317058,0.00168686189317058,-0.00141132304235725,-0.00144597151524905,-0.00140761962929386,-0.00140613283643757,-0.00124478877592657,0.00168686189317058,-0.00125358505944256,0.00168686189317058,-0.00141520047248833,-0.00138776400192896,0.00168686189317058,0.00168686189317058,-0.00141949328153933,0.00168686189317058,-0.00140346247026527,-0.00124478877592656,0.00168686189317058,-0.00140401858284159,-0.00139175606162336,-0.000539702637842356,-0.0014395943673608,0.00168686189317058,-0.000565291078835823,0.00168686189317058,-0.0013194791449086,0.00168686189317058,0.00168686189317058,0.00168686189317058,-0.00139656085993268,-0.00109076202063951,-0.00138776400192896,-0.00124478877592656,-0.00125358505944256,0.00168686189317058,0.00168686189317058,0.00168686189317058,0.00168686189317058,0.00168686189317058,-0.00129609771320606,0.00168686189317058,-0.00139656085993268,0.00168686189317058,-0.00117832481272175,0.00168686189317058,0.00168686189317058,0.00168686189317058,-0.000565291078835823,0.00168686189317058,-0.00136180594473475,-0.00144393403498916,-0.00130762116689237,0.00168686189317058,0.00168686189317058,-0.00133170335252829,0.00168686189317058,0.00168686189317058,-0.00139656085993268,0.00168686189317058,0.00168686189317058,0.00168686189317058,-0.00130762116689236,0.00168686189317058,0.00168686189317058,-0.00134382593427999,-0.00139656085993268,-0.00125358505944255,-0.00118813602388709,0.00168686189317058,0.00168686189317058,0.00168686189317058,0.00168686189317058,-0.0013997627669016,-0.00141945892362819,-0.00144758926678904,0.00168686189317058,-0.00138776400192895,0.00168686189317058,-0.00125358505944254,-0.00124478877592656,-0.00138776400192895,0.00168686189317058,-0.00133170335252828,-0.00130762116689236,0.00168686189317058,0.00168686189317058,-0.00139175606162334,-0.00130762116689236,0.00168686189317058,0.00168686189317058,0.00168686189317058,0.00168686189317058,-0.00139656085993267,0.00168686189317058,-0.00133170335252828,-0.00118813602388709,-0.00125358505944254,0.00168686189317058,0.00168686189317058,0.00168686189317058,0.00168686189317059,0.00168686189317058,0.00168686189317058,0.00168686189317058,-0.000565291078835827,-0.000565291078835828,-0.000565291078835827,0.00168686189317058,0.00168686189317058,-0.00133170335252827,-0.000565291078835825,-0.00074439395449985,0.00168686189317058,-0.000565291078835825,0.00168686189317058,-0.000939660166489233,-0.000565291078835821,-0.00056529107883582,-0.00130160245340918,-0.00139175606162333,0.00168686189317059,0.00168686189317058,-0.000565291078835821,-0.00138776400192894,-0.000565291078835821,-0.00109076202063949,-0.00139286722061089,0.00168686189317059,-0.00141560775798313,-0.00130762116689236,-0.00140020869754734,-0.00129033343461316,0.00168686189317059,-0.00130762116689235,-0.00139543620407135,-0.0013991919941432,0.00168686189317059
-0.00130762116689237,0.00168686189317058,0.00178686189317058,0.00168686189317058,-0.00139175606162336,-0.0013317033525283,0.00168686189317058,-0.00125358505944255,0.00168686189317058,-0.00139656085993269,-0.00139656085993269,-0.00139656085993269,0.00168686189317058,0.00168686189317058,-0.00141132304235725,-0.00144597151524906,-0.00140761962929386,-0.00140613283643758,-0.00124478877592657,0.00168686189317058,-0.00125358505944256,0.00168686189317058,-0.00141520047248834,-0.00138776400192897,0.00168686189317058,0.00168686189317058,-0.00141949328153933,0.00168686189317058,-0.00140346247026527,-0.00124478877592656,0.00168686189317058,-0.0014040185828416,-0.00139175606162336,-0.00053970263784236,-0.00143959436736081,0.00168686189317058,-0.000565291078835822,0.00168686189317058,-0.0013194791449086,0.00168686189317058,0.00168686189317058,0.00168686189317058,-0.00139656085993268,-0.00109076202063952,-0.00138776400192896,-0.00124478877592657,-0.00125358505944255,0.00168686189317058,0.00168686189317058,0.00168686189317058,0.00168686189317058,0.00168686189317058,-0.00129609771320607,0.00168686189317058,-0.00139656085993268,0.00168686189317058,-0.00117832481272174,0.00168686189317058,0.00168686189317058,0.00168686189317058,-0.000565291078835822,0.00168686189317058,-0.00136180594473475,-0.00144393403498917,-0.00130762116689236,0.00168686189317058,0.00168686189317058,-0.00133170335252829,0.00168686189317058,0.00168686189317058,-0.00139656085993268,0.00168686189317058,0.00168686189317058,0.00168686189317058,-0.00130762116689236,0.00168686189317058,0.00168686189317058,-0.00134382593427999,-0.00139656085993268,-0.00125358505944255,-0.0011881360238871,0.00168686189317058,0.00168686189317058,0.00168686189317058,0.00168686189317058,-0.0013997627669016,-0.0014194589236282,-0.00144758926678904,0.00168686189317058,-0.00138776400192895,0.00168686189317058,-0.00125358505944254,-0.00124478877592656,-0.00138776400192895,0.00168686189317058,-0.00133170335252829,-0.00130762116689236,0.00168686189317058,0.00168686189317058,-0.00139175606162335,-0.00130762116689236,0.00168686189317058,0.00168686189317058,0.00168686189317058,0.00168686189317058,-0.00139656085993267,0.00168686189317058,-0.00133170335252828,-0.00118813602388709,-0.00125358505944254,0.00168686189317058,0.00168686189317058,0.00168686189317058,0.00168686189317058,0.00168686189317058,0.00168686189317058,0.00168686189317058,-0.000565291078835826,-0.000565291078835827,-0.000565291078835823,0.00168686189317058,0.00168686189317058,-0.00133170335252828,-0.000565291078835826,-0.000744393954499853,0.00168686189317058,-0.000565291078835823,0.00168686189317058,-0.000939660166489236,-0.00056529107883582,-0.00056529107883582,-0.00130160245340918,-0.00139175606162333,0.00168686189317058,0.00168686189317059,-0.000565291078835821,-0.00138776400192894,-0.000565291078835822,-0.0010907620206395,-0.00139286722061089,0.00168686189317059,-0.00141560775798314,-0.00130762116689235,-0.00140020869754734,-0.00129033343461316,0.00168686189317059,-0.00130762116689235,-0.00139543620407135,-0.00139919199414321,0.00168686189317059
-0.00130762116689237,0.00168686189317058,0.00168686189317058,0.00178686189317058,-0.00139175606162336,-0.0013317033525283,0.00168686189317058,-0.00125358505944255,0.00168686189317058,-0.00139656085993269,-0.00139656085993269,-0.00139656085993269,0.00168686189317058,0.00168686189317058,-0.00141132304235726,-0.00144597151524906,-0.00140761962929386,-0.00140613283643758,-0.00124478877592657,0.00168686189317058,-0.00125358505944256,0.00168686189317058,-0.00141520047248833,-0.00138776400192897,0.00168686189317058,0.00168686189317058,-0.00141949328153932,0.00168686189317058,-0.00140346247026528,-0.00124478877592657,0.00168686189317058,-0.00140401858284159,-0.00139175606162336,-0.000539702637842367,-0.00143959436736081,0.00168686189317058,-0.000565291078835822,0.00168686189317058,-0.0013194791449086,0.00168686189317058,0.00168686189317058,0.00168686189317058,-0.00139656085993268,-0.00109076202063951,-0.00138776400192896,-0.00124478877592657,-0.00125358505944256,0.00168686189317058,0.00168686189317058,0.00168686189317058,0.00168686189317058,0.00168686189317058,-0.00129609771320607,0.00168686189317058,-0.00139656085993268,0.00168686189317058,-0.00117832481272174,0.00168686189317058,0.00168686189317058,0.00168686189317058,-0.000565291078835821,0.00168686189317058,-0.00136180594473475,-0.00144393403498917,-0.00130762116689237,0.00168686189317058,0.00168686189317058,-0.00133170335252829,0.00168686189317058,0.00168686189317058,-0.00139656085993268,0.00168686189317058,0.00168686189317058,0.00168686189317058,-0.00130762116689237,0.00168686189317058,0.00168686189317058,-0.00134382593427999,-0.00139656085993268,-0.00125358505944255,-0.0011881360238871,0.00168686189317058,0.00168686189317058,0.00168686189317058,0.00168686189317059,-0.0013997627669016,-0.0014194589236282,-0.00144758926678904,0.00168686189317058,-0.00138776400192895,0.00168686189317058,-0.00125358505944255,-0.00124478877592655,-0.00138776400192895,0.00168686189317059,-0.00133170335252828,-0.00130762116689236,0.00168686189317058,0.00168686189317058,-0.00139175606162335,-0.00130762116689236,0.00168686189317058,0.00168686189317058,0.00168686189317058,0.00168686189317058,-0.00139656085993267,0.00168686189317058,-0.00133170335252828,-0.00118813602388709,-0.00125358505944254,0.00168686189317058,0.00168686189317058,0.00168686189317058,0.00168686189317059,0.00168686189317058,0.00168686189317058,0.00168686189317058,-0.000565291078835824,-0.000565291078835825,-0.000565291078835824,0.00168686189317058,0.00168686189317058,-0.00133170335252828,-0.000565291078835824,-0.000744393954499855,0.00168686189317059,-0.000565291078835823,0.00168686189317058,-0.000939660166489243,-0.000565291078835819,-0.000565291078835818,-0.00130160245340919,-0.00139175606162334,0.00168686189317059,0.00168686189317058,-0.000565291078835818,-0.00138776400192894,-0.00056529107883582,-0.00109076202063949,-0.00139286722061089,0.00168686189317058,-0.00141560775798314,-0.00130762116689235,-0.00140020869754734,-0.00129033343461316,0.00168686189317059,-0.00130762116689235,-0.00139543620407135,-0.00139919199414321,0.00168686189317059
0.00129085018957258,-0.00139175606162336,-0.00139175606162336,-0.00139175606162336,0.00196881089132278,0.000976192068171036,-0.00139175606162337,0.000777230444525865,-0.00139175606162336,0.00178615010800901,0.00178615010800901,0.00178615010800901,-0.00139175606162337,-0.00139175606162336,0.00171730339161345,0.0014759609389585,0.00176003246235863,0.00176289465511566,0.0007712901942048,-0.00139175606162336,0.00077723044452587,-0.00139175606162336,0.00174742795828586,0.00183579214384046,-0.00139175606162336,-0.00139175606162336,0.00136337133920341,-0.00139175606162336,0.00144809369487396,0.000771290194204799,-0.00139175606162336,0.00176059549342557,0.00186881089132277,-0.000472754484303842,0.00166526799138458,-0.00139175606162336,-0.000492577176781133,-0.00139175606162336,0.000930563868432805,-0.00139175606162336,-0.00139175606162336,-0.00139175606162336,0.001786150108009,0.000271328645617549,0.00183579214384045,0.000771290194204799,0.000777230444525873,-0.00139175606162336,-0.00139175606162336,-0.00139175606162336,-0.00139175606162336,-0.00139175606162336,0.000859443345818499,-0.00139175606162336,0.001786150108009,-0.00139175606162336,3.22299195562962e-05,-0.00139175606162336,-0.00139175606162336,-0.00139175606162336,-0.000492577176781136,-0.00139175606162336,0.000987763773874338,0.00133341259560976,0.00129085018957259,-0.00139175606162336,-0.00139175606162336,0.000976192068171035,-0.00139175606162336,-0.00139175606162337,0.001786150108009,-0.00139175606162336,-0.00139175606162336,-0.00139175606162336,0.00129085018957258,-0.00139175606162336,-0.00139175606162336,0.000894397649083698,0.001786150108009,0.000777230444525872,0.00109470845154722,-0.00139175606162336,-0.00139175606162336,-0.00139175606162336,-0.00139175606162336,0.00163831776464053,0.00126674356662323,0.00163133656057822,-0.00139175606162336,0.00183579214384044,-0.00139175606162336,0.000777230444525866,0.00077129019420479,0.00183579214384044,-0.00139175606162336,0.000976192068171028,0.00129085018957258,-0.00139175606162336,-0.00139175606162336,0.00186881089132276,0.00129085018957258,-0.00139175606162336,-0.00139175606162336,-0.00139175606162336,-0.00139175606162336,0.00178615010800899,-0.00139175606162336,0.00097619206817103,0.00109470845154723,0.000777230444525866,-0.00139175606162336,-0.00139175606162336,-0.00139175606162336,-0.00139175606162336,-0.00139175606162336,-0.00139175606162336,-0.00139175606162336,-0.000492577176781134,-0.000492577176781135,-0.000492577176781134,-0.00139175606162336,-0.00139175606162336,0.000976192068171032,-0.000492577176781134,-0.000271301792289156,-0.00139175606162336,-0.000492577176781133,-0.00139175606162336,8.29954530579742e-05,-0.000492577176781137,-0.000492577176781136,0.000860564787455641,0.00186881089132276,-0.00139175606162335,-0.00139175606162336,-0.000492577176781138,0.00183579214384043,-0.000492577176781138,0.000271328645617542,0.0018252788915349,-0.00139175606162336,0.00157398669711281,0.00129085018957258,0.00171640205620405,0.00101906390397577,-0.00139175606162336,0.00129085018957258,0.00180867303870604,0.00167564167636845,-0.00139175606162336
0.00101670205351621,-0.00133170335252829,-0.0013317033525283,-0.0013317033525283,0.000976192068171036,0.00209843559363206,-0.0013317033525283,0.00186410650596885,-0.0013317033525283,0.000987680647248199,0.000987680647248198,0.000987680647248198,-0.0013317033525283,-0.0013317033525283,0.000953342778840531,0.000904586964770793,0.00103287196745702,0.0010258197824771,0.00186426829766817,-0.0013317033525283,0.00186410650596885,-0.0013317033525283,0.00109130176200465,0.000960071579560519,-0.0013317033525283,-0.0013317033525283,0.0012934083080808,-0.0013317033525283,0.000623543612817187,0.00186426829766816,-0.0013317033525283,0.000972920586718437,0.000976192068171036,-0.00040616272635302,0.00126398867736466,-0.0013317033525283,-0.000432649603466731,-0.0013317033525283,0.00196887521683906,-0.0013317033525283,-0.0013317033525283,-0.0013317033525283,0.000987680647248192,0.000310782196220378,0.000960071579560515,0.00186426829766816,0.00186410650596885,-0.0013317033525283,-0.0013317033525283,-0.0013317033525283,-0.0013317033525283,-0.0013317033525283,0.0018975465798823,-0.0013317033525283,0.00098768064724819,-0.0013317033525283,0.000958014282819487,-0.0013317033525283,-0.0013317033525283,-0.0013317033525283,-0.000432649603466729,-0.0013317033525283,0.00149858510183797,0.00088546058903658,0.00101670205351621,-0.0013317033525283,-0.0013317033525283,0.00199843559363204,-0.0013317033525283,-0.0013317033525283,0.000987680647248189,-0.0013317033525283,-0.0013317033525283,-0.0013317033525283,0.00101670205351621,-0.0013317033525283,-0.0013317033525283,0.00163384900478363,0.000987680647248191,0.00186410650596884,0.00111413231519407,-0.0013317033525283,-0.0013317033525283,-0.0013317033525283,-0.0013317033525283,0.000915774352886418,0.00164074617326237,0.00132930276613896,-0.0013317033525283,0.000960071579560506,-0.0013317033525283,0.00186410650596883,0.00186426829766815,0.000960071579560507,-0.0013317033525283,0.00199843559363202,0.00101670205351621,-0.0013317033525283,-0.0013317033525283,0.00097619206817103,0.00101670205351621,-0.0013317033525283,-0.0013317033525283,-0.0013317033525283,-0.0013317033525283,0.00098768064724819,-0.0013317033525283,0.00199843559363202,0.00111413231519407,0.00186410650596883,-0.0013317033525283,-0.0013317033525283,-0.0013317033525283,-0.0013317033525283,-0.0013317033525283,-0.0013317033525283,-0.0013317033525283,-0.000432649603466726,-0.000432649603466725,-0.000432649603466725,-0.0013317033525283,-0.0013317033525283,0.00199843559363202,-0.000432649603466726,-0.000219901804901139,-0.0013317033525283,-0.000432649603466728,-0.0013317033525283,-0.000171237233362363,-0.000432649603466729,-0.000432649603466729,0.00189522737825033,0.000976192068171024,-0.0013317033525283,-0.0013317033525283,-0.000432649603466728,0.000960071579560504,-0.000432649603466729,0.000310782196220371,0.000986975627774071,-0.00133170335252831,0.000621111192299206,0.00101670205351621,0.000775361018737254,0.0001688808967651,-0.0013317033525283,0.00101670205351621,0.000949823173523346,0.000723410835685222,-0.0013317033525283
-0.00130762116689237,0.00168686189317058,0.00168686189317058,0.00168686189317058,-0.00139175606162337,-0.0013317033525283,0.00178686189317058,-0.00125358505944256,0.00168686189317058,-0.00139656085993269,-0.00139656085993269,-0.00139656085993269,0.00168686189317058,0.00168686189317058,-0.00141132304235725,-0.00144597151524906,-0.00140761962929386,-0.00140613283643758,-0.00124478877592657,0.00168686189317058,-0.00125358505944256,0.00168686189317058,-0.00141520047248834,-0.00138776400192897,0.00168686189317058,0.00168686189317058,-0.00141949328153932,0.00168686189317058,-0.00140346247026528,-0.00124478877592656,0.00168686189317058,-0.0014040185828416,-0.00139175606162336,-0.000539702637842364,-0.00143959436736081,0.00168686189317058,-0.000565291078835822,0.00168686189317058,-0.0013194791449086,0.00168686189317058,0.00168686189317058,0.00168686189317058,-0.00139656085993268,-0.00109076202063951,-0.00138776400192896,-0.00124478877592656,-0.00125358505944256,0.00168686189317058,0.00168686189317058,0.00168686189317058,0.00168686189317058,0.00168686189317058,-0.00129609771320607,0.00168686189317058,-0.00139656085993268,0.00168686189317058,-0.00117832481272174,0.00168686189317058,0.00168686189317058,0.00168686189317058,-0.000565291078835821,0.00168686189317058,-0.00136180594473474,-0.00144393403498917,-0.00130762116689237,0.00168686189317058,0.00168686189317058,-0.00133170335252829,0.00168686189317058,0.00168686189317058,-0.00139656085993268,0.00168686189317058,0.00168686189317058,0.00168686189317058,-0.00130762116689237,0.00168686189317058,0.00168686189317058,-0.00134382593427999,-0.00139656085993268,-0.00125358505944255,-0.0011881360238871,0.00168686189317058,0.00168686189317058,0.00168686189317058,0.00168686189317058,-0.0013997627669016,-0.0014194589236282,-0.00144758926678904,0.00168686189317058,-0.00138776400192895,0.00168686189317058,-0.00125358505944255,-0.00124478877592655,-0.00138776400192895,0.00168686189317058,-0.00133170335252829,-0.00130762116689236,0.00168686189317058,0.00168686189317058,-0.00139175606162335,-0.00130762116689236,0.00168686189317058,0.00168686189317059,0.00168686189317059,0.00168686189317058,-0.00139656085993267,0.00168686189317058,-0.00133170335252828,-0.00118813602388709,-0.00125358505944254,0.00168686189317058,0.00168686189317058,0.00168686189317058,0.00168686189317058,0.00168686189317058,0.00168686189317058,0.00168686189317058,-0.000565291078835824,-0.000565291078835823,-0.000565291078835824,0.00168686189317058,0.00168686189317058,-0.00133170335252828,-0.000565291078835824,-0.000744393954499855,0.00168686189317058,-0.000565291078835823,0.00168686189317059,-0.000939660166489244,-0.000565291078835819,-0.000565291078835819,-0.00130160245340919,-0.00139175606162334,0.00168686189317059,0.00168686189317058,-0.00056529107883582,-0.00138776400192894,-0.000565291078835818,-0.00109076202063949,-0.00139286722061088,0.00168686189317059,-0.00141560775798314,-0.00130762116689235,-0.00140020869754734,-0.00129033343461317,0.00168686189317059,-0.00130762116689235,-0.00139543620407135,-0.00139919199414321,0.00168686189317059
0.000828275438791227,-0.00125358505944256,-0.00125358505944255,-0.00125358505944255,0.000777230444525865,0.00186410650596885,-0.00125358505944256,0.00223199507554336,-0.00125358505944256,0.000788079516059137,0.000788079516059137,0.000788079516059136,-0.00125358505944255,-0.00125358505944255,0.000758613629115946,0.000836933283356153,0.000870768407924695,0.000861357959426055,0.00209722740217608,-0.00125358505944255,0.00213199507554337,-0.00125358505944255,0.000890404000059633,0.000766311815432035,-0.00125358505944256,-0.00125358505944256,0.00133265002026734,-0.00125358505944255,0.000466232776053121,0.00209722740217608,-0.00125358505944256,0.000774411379453497,0.000777230444525866,-0.000316862836411244,0.00106962567161379,-0.00125358505944255,-0.00036203752382687,-0.00125358505944256,0.00195779658033322,-0.00125358505944256,-0.00125358505944256,-0.00125358505944256,0.000788079516059132,0.000207610098381784,0.000766311815432031,0.00209722740217607,0.00213199507554336,-0.00125358505944256,-0.00125358505944255,-0.00125358505944256,-0.00125358505944256,-0.00125358505944256,0.00204909000716073,-0.00125358505944255,0.000788079516059129,-0.00125358505944256,0.00132692824410237,-0.00125358505944256,-0.00125358505944255,-0.00125358505944256,-0.00036203752382687,-0.00125358505944255,0.00160817713188415,0.000899475607169192,0.00082827543879122,-0.00125358505944256,-0.00125358505944255,0.00186410650596884,-0.00125358505944256,-0.00125358505944255,0.00078807951605913,-0.00125358505944256,-0.00125358505944256,-0.00125358505944255,0.00082827543879122,-0.00125358505944256,-0.00125358505944256,0.00181778944043184,0.000788079516059129,0.00213199507554336,0.000931824551567323,-0.00125358505944256,-0.00125358505944255,-0.00125358505944255,-0.00125358505944255,0.000740047891190178,0.00169641623388968,0.00121857085604429,-0.00125358505944255,0.000766311815432023,-0.00125358505944256,0.00213199507554334,0.00209722740217606,0.000766311815432022,-0.00125358505944255,0.00186410650596883,0.000828275438791215,-0.00125358505944255,-0.00125358505944255,0.00077723044452586,0.000828275438791215,-0.00125358505944255,-0.00125358505944256,-0.00125358505944256,-0.00125358505944256,0.000788079516059128,-0.00125358505944256,0.00186410650596882,0.000931824551567318,0.00213199507554334,-0.00125358505944256,-0.00125358505944256,-0.00125358505944255,-0.00125358505944255,-0.00125358505944256,-0.00125358505944255,-0.00125358505944255,-0.000362037523826867,-0.000362037523826868,-0.000362037523826868,-0.00125358505944255,-0.00125358505944256,0.00186410650596882,-0.000362037523826869,-0.000107656362657554,-0.00125358505944256,-0.000362037523826871,-0.00125358505944256,-0.000185380380408887,-0.000362037523826874,-0.000362037523826874,0.00208403825312083,0.000777230444525853,-0.00125358505944255,-0.00125358505944256,-0.000362037523826873,0.000766311815432021,-0.000362037523826873,0.000207610098381773,0.000792763074294933,-0.00125358505944256,0.000457227382422387,0.000828275438791213,0.000595530946148668,6.86965972880276e-05,-0.00125358505944256,0.000828275438791215,0.000773598516674658,0.00054900805767901,-0.00125358505944256
-0.00130762116689237,0.00168686189317058,0.00168686189317058,0.00168686189317058,-0.00139175606162336,-0.0013317033525283,0.00168686189317058,-0.00125358505944256,0.00178686189317058,-0.00139656085993268,-0.00139656085993268,-0.00139656085993269,0.00168686189317058,0.00168686189317058,-0.00141132304235726,-0.00144597151524905,-0.00140761962929386,-0.00140613283643758,-0.00124478877592657,0.00168686189317058,-0.00125358505944256,0.00168686189317058,-0.00141520047248834,-0.00138776400192896,0.00168686189317058,0.00168686189317058,-0.00141949328153932,0.00168686189317058,-0.00140346247026527,-0.00124478877592657,0.00168686189317058,-0.0014040185828416,-0.00139175606162336,-0.000539702637842366,-0.0014395943673608,0.00168686189317058,-0.00056529107883582,0.00168686189317058,-0.0013194791449086,0.00168686189317058,0.00168686189317058,0.00168686189317058,-0.00139656085993268,-0.00109076202063951,-0.00138776400192896,-0.00124478877592656,-0.00125358505944256,0.00168686189317058,0.00168686189317058,0.00168686189317058,0.00168686189317058,0.00168686189317058,-0.00129609771320607,0.00168686189317058,-0.00139656085993268,0.00168686189317058,-0.00117832481272174,0.00168686189317058,0.00168686189317058,0.00168686189317058,-0.000565291078835822,0.00168686189317058,-0.00136180594473475,-0.00144393403498917,-0.00130762116689237,0.00168686189317058,0.00168686189317058,-0.00133170335252829,0.00168686189317058,0.00168686189317058,-0.00139656085993268,0.00168686189317058,0.00168686189317058,0.00168686189317058,-0.00130762116689236,0.00168686189317058,0.00168686189317058,-0.00134382593427999,-0.00139656085993268,-0.00125358505944255,-0.00118813602388709,0.00168686189317058,0.00168686189317058,0.00168686189317058,0.00168686189317058,-0.0013997627669016,-0.00141945892362819,-0.00144758926678904,0.00168686189317058,-0.00138776400192895,0.00168686189317058,-0.00125358505944255,-0.00124478877592656,-0.00138776400192895,0.00168686189317058,-0.00133170335252828,-0.00130762116689236,0.00168686189317058,0.00168686189317058,-0.00139175606162335,-0.00130762116689236,0.00168686189317058,0.00168686189317058,0.00168686189317058,0.00168686189317058,-0.00139656085993267,0.00168686189317058,-0.00133170335252828,-0.00118813602388709,-0.00125358505944254,0.00168686189317058,0.00168686189317058,0.00168686189317058,0.00168686189317059,0.00168686189317058,0.00168686189317058,0.00168686189317058,-0.000565291078835825,-0.000565291078835824,-0.000565291078835824,0.00168686189317058,0.00168686189317058,-0.00133170335252828,-0.000565291078835823,-0.000744393954499855,0.00168686189317058,-0.000565291078835822,0.00168686189317058,-0.000939660166489246,-0.000565291078835818,-0.000565291078835819,-0.00130160245340918,-0.00139175606162333,0.00168686189317059,0.00168686189317059,-0.000565291078835818,-0.00138776400192894,-0.000565291078835818,-0.00109076202063949,-0.00139286722061089,0.00168686189317059,-0.00141560775798314,-0.00130762116689235,-0.00140020869754734,-0.00129033343461316,0.00168686189317059,-0.00130762116689235,-0.00139543620407135,-0.0013991919941432,0.00168686189317059
0.00130190236211774,-0.00139656085993269,-0.00139656085993269,-0.00139656085993269,0.00178615010800901,0.000987680647248199,-0.00139656085993269,0.000788079516059137,-0.00139656085993268,0.00193869000398663,0.00183869000398663,0.00183869000398663,-0.00139656085993269,-0.00139656085993269,0.00177339134773556,0.00154327715129567,0.00181174845099503,0.00181716643057331,0.000776837467271606,-0.00139656085993269,0.000788079516059142,-0.00139656085993269,0.00180128066779048,0.00178048636536238,-0.00139656085993269,-0.00139656085993268,0.00133442870624806,-0.00139656085993269,0.00147016844784297,0.000776837467271605,-0.00139656085993269,0.00181523327482438,0.001786150108009,-0.000466394713490171,0.00172354917943487,-0.00139656085993269,-0.000498932023710382,-0.00139656085993269,0.000940886326044292,-0.00139656085993268,-0.00139656085993269,-0.00139656085993269,0.00183869000398662,0.000291881615895154,0.00178048636536237,0.000776837467271605,0.000788079516059144,-0.00139656085993269,-0.00139656085993269,-0.00139656085993268,-0.00139656085993269,-0.00139656085993269,0.000861908866802442,-0.00139656085993269,0.00183869000398662,-0.00139656085993269,2.28400312029465e-05,-0.00139656085993269,-0.00139656085993268,-0.00139656085993269,-0.000498932023710383,-0.00139656085993269,0.000991723569976523,0.00136166594199994,0.00130190236211775,-0.00139656085993268,-0.00139656085993269,0.000987680647248189,-0.00139656085993269,-0.00139656085993269,0.00183869000398662,-0.00139656085993269,-0.00139656085993269,-0.00139656085993269,0.00130190236211775,-0.00139656085993269,-0.00139656085993269,0.000909735946310721,0.00183869000398662,0.000788079516059142,0.00110340155191466,-0.00139656085993269,-0.00139656085993269,-0.00139656085993269,-0.00139656085993269,0.00158916687158644,0.00131988313292871,0.00163258369680033,-0.00139656085993269,0.00178048636536237,-0.00139656085993269,0.000788079516059134,0.000776837467271595,0.00178048636536236,-0.00139656085993269,0.00098768064724819,0.00130190236211774,-0.00139656085993269,-0.00139656085993269,0.00178615010800899,0.00130190236211774,-0.00139656085993269,-0.00139656085993269,-0.00139656085993269,-0.00139656085993269,0.00183869000398661,-0.00139656085993269,0.000987680647248187,0.00110340155191466,0.000788079516059136,-0.00139656085993269,-0.00139656085993269,-0.00139656085993269,-0.00139656085993269,-0.00139656085993269,-0.00139656085993269,-0.00139656085993269,-0.000498932023710382,-0.000498932023710382,-0.000498932023710381,-0.00139656085993269,-0.00139656085993269,0.000987680647248191,-0.000498932023710381,-0.000256117153921713,-0.00139656085993268,-0.000498932023710381,-0.00139656085993268,0.00011121617780736,-0.000498932023710385,-0.000498932023710384,0.000867472842655296,0.00178615010800898,-0.00139656085993269,-0.00139656085993269,-0.000498932023710383,0.00178048636536235,-0.000498932023710384,0.000291881615895146,0.00177179183653687,-0.00139656085993269,0.00152968892383389,0.00130190236211774,0.00166048546919114,0.000950988539128942,-0.00139656085993269,0.00130190236211774,0.00175484749675796,0.00162125175602103,-0.00139656085993269
0.00130190236211775,-0.00139656085993268,-0.00139656085993269,-0.00139656085993269,0.00178615010800901,0.000987680647248198,-0.00139656085993269,0.000788079516059137,-0.00139656085993268,0.00183869000398663,0.00193869000398663,0.00183869000398663,-0.00139656085993269,-0.00139656085993269,0.00177339134773556,0.00154327715129568,0.00181174845099502,0.0018171664305733,0.000776837467271606,-0.00139656085993269,0.00078807951605914,-0.00139656085993268,0.00180128066779048,0.00178048636536238,-0.00139656085993269,-0.00139656085993268,0.00133442870624806,-0.00139656085993269,0.00147016844784297,0.000776837467271605,-0.00139656085993269,0.00181523327482439,0.001786150108009,-0.00046639471349017,0.00172354917943487,-0.00139656085993269,-0.000498932023710383,-0.00139656085993269,0.000940886326044292,-0.00139656085993269,-0.00139656085993269,-0.00139656085993269,0.00183869000398662,0.000291881615895154,0.00178048636536237,0.000776837467271603,0.000788079516059144,-0.00139656085993269,-0.00139656085993269,-0.00139656085993268,-0.00139656085993269,-0.00139656085993269,0.000861908866802446,-0.00139656085993269,0.00183869000398662,-0.00139656085993269,2.28400312029458e-05,-0.00139656085993269,-0.00139656085993268,-0.00139656085993268,-0.000498932023710383,-0.00139656085993269,0.000991723569976523,0.00136166594199993,0.00130190236211775,-0.00139656085993269,-0.00139656085993269,0.000987680647248193,-0.00139656085993269,-0.00139656085993269,0.00183869000398662,-0.00139656085993269,-0.00139656085993269,-0.00139656085993269,0.00130190236211775,-0.00139656085993269,-0.00139656085993269,0.000909735946310721,0.00183869000398662,0.00078807951605914,0.00110340155191466,-0.00139656085993269,-0.00139656085993269,-0.00139656085993269,-0.00139656085993269,0.00158916687158644,0.00131988313292871,0.00163258369680033,-0.00139656085993269,0.00178048636536236,-0.00139656085993269,0.000788079516059133,0.000776837467271595,0.00178048636536236,-0.00139656085993269,0.000987680647248191,0.00130190236211774,-0.00139656085993269,-0.00139656085993269,0.00178615010800899,0.00130190236211775,-0.00139656085993269,-0.00139656085993269,-0.00139656085993269,-0.00139656085993269,0.00183869000398661,-0.00139656085993269,0.000987680647248188,0.00110340155191466,0.000788079516059133,-0.00139656085993269,-0.00139656085993269,-0.00139656085993269,-0.00139656085993269,-0.00139656085993269,-0.00139656085993269,-0.00139656085993269,-0.000498932023710381,-0.000498932023710381,-0.000498932023710381,-0.00139656085993269,-0.00139656085993268,0.000987680647248189,-0.000498932023710379,-0.000256117153921714,-0.00139656085993268,-0.000498932023710381,-0.00139656085993268,0.00011121617780736,-0.000498932023710383,-0.000498932023710383,0.000867472842655296,0.00178615010800898,-0.00139656085993269,-0.00139656085993268,-0.000498932023710384,0.00178048636536236,-0.000498932023710383,0.000291881615895147,0.00177179183653687,-0.00139656085993269,0.00152968892383389,0.00130190236211774,0.00166048546919114,0.000950988539128939,-0.00139656085993269,0.00130190236211774,0.00175484749675796,0.00162125175602102,-0.00139656085993269
0.00130190236211774,-0.00139656085993268,-0.00139656085993269,-0.00139656085993269,0.00178615010800901,0.000987680647248198,-0.00139656085993269,0.000788079516059136,-0.00139656085993269,0.00183869000398663,0.00183869000398663,0.00193869000398663,-0.00139656085993269,-0.00139656085993269,0.00177339134773556,0.00154327715129568,0.00181174845099503,0.00181716643057331,0.000776837467271607,-0.00139656085993269,0.000788079516059138,-0.00139656085993269,0.00180128066779048,0.00178048636536238,-0.00139656085993269,-0.00139656085993268,0.00133442870624806,-0.00139656085993269,0.00147016844784298,0.000776837467271606,-0.00139656085993269,0.00181523327482438,0.001786150108009,-0.000466394713490171,0.00172354917943487,-0.00139656085993269,-0.00049893202371038,-0.00139656085993269,0.000940886326044291,-0.00139656085993269,-0.00139656085993269,-0.00139656085993269,0.00183869000398662,0.000291881615895154,0.00178048636536237,0.000776837467271606,0.000788079516059144,-0.00139656085993269,-0.00139656085993269,-0.00139656085993269,-0.00139656085993269,-0.00139656085993269,0.000861908866802444,-0.00139656085993269,0.00183869000398662,-0.00139656085993269,2.28400312029459e-05,-0.00139656085993269,-0.00139656085993269,-0.00139656085993269,-0.000498932023710382,-0.00139656085993269,0.000991723569976524,0.00136166594199994,0.00130190236211775,-0.00139656085993269,-0.00139656085993269,0.000987680647248195,-0.00139656085993269,-0.00139656085993269,0.00183869000398662,-0.00139656085993269,-0.00139656085993269,-0.00139656085993269,0.00130190236211775,-0.00139656085993269,-0.00139656085993269,0.000909735946310722,0.00183869000398662,0.000788079516059141,0.00110340155191466,-0.00139656085993269,-0.00139656085993269,-0.00139656085993269,-0.00139656085993269,0.00158916687158644,0.00131988313292871,0.00163258369680032,-0.00139656085993269,0.00178048636536236,-0.00139656085993269,0.000788079516059133,0.000776837467271595,0.00178048636536236,-0.00139656085993269,0.000987680647248193,0.00130190236211774,-0.00139656085993269,-0.00139656085993269,0.00178615010800899,0.00130190236211774,-0.00139656085993269,-0.00139656085993269,-0.00139656085993269,-0.00139656085993269,0.00183869000398661,-0.00139656085993269,0.000987680647248185,0.00110340155191465,0.000788079516059135,-0.00139656085993269,-0.00139656085993269,-0.00139656085993269,-0.00139656085993269,-0.00139656085993269,-0.00139656085993269,-0.00139656085993269,-0.000498932023710381,-0.00049893202371038,-0.000498932023710383,-0.00139656085993268,-0.00139656085993269,0.000987680647248189,-0.000498932023710382,-0.000256117153921713,-0.00139656085993269,-0.000498932023710382,-0.00139656085993268,0.00011121617780736,-0.000498932023710384,-0.000498932023710383,0.000867472842655296,0.00178615010800898,-0.00139656085993269,-0.00139656085993268,-0.000498932023710385,0.00178048636536236,-0.000498932023710385,0.000291881615895146,0.00177179183653687,-0.00139656085993269,0.00152968892383389,0.00130190236211774,0.00166048546919114,0.000950988539128939,-0.00139656085993269,0.00130190236211775,0.00175484749675796,0.00162125175602103,-0.00139656085993269
